1003
1003
1006
1007
1011
1012
1012
1013
1013
1014
1017
1019
1020
1020
1020
1020
1020
1021
1021
1022
1024
1032
1032
1033
1033
1033
1033
1034
1034
1035
1035
1036
1037
1041
1043
1045
1046
1047
1049
1050
1051
1051
1051
1051
1056
1056
1056
1057
1060
1060
1061
1061
1061
1062
1062
1062
1063
1063
1067
1067
1069
1069
1069
1070
1070
1071
1072
1072
1073
1073
1074
1075
1075
1076
1079
1079
1079
1081
1081
1081
1081
1083
1084
1085
1086
1086
1088
1090
1090
1091
1092
1092
1093
1093
1093
1094
1095
1095
1098
1098
1099
1100
1101
1101
1104
1105
1105
1105
1107
1110
1111
1113
1113
1114
1115
1117
1118
1119
1119
1121
1121
1122
1123
1126
1127
1127
1128
1129
1129
1129
1131
1131
1131
1133
1138
1139
1139
1140
1141
1142
1145
1146
1146
1149
1150
1154
1155
1158
1158
1160
1160
1161
1161
1163
1163
1164
1164
1164
1166
1170
1170
1171
1172
1176
1176
1178
1180
1181
1182
1182
1182
1182
1182
1183
1183
1184
1185
1185
1186
1187
1187
1187
1187
1187
1188
1189
1189
1191
1191
1192
1192
1192
1192
1192
1193
1194
1196
1197
1197
1197
1197
1197
1198
1199
1199
1200
1200
1200
1201
1201
1203
1203
1204
1204
1205
1206
1207
1207
1208
1209
1210
1211
1212
1212
1213
1214
1217
1219
1221
1221
1222
1222
1223
1223
1223
1224
1225
1226
1226
1228
1229
1230
1230
1230
1231
1232
1232
1232
1233
1233
1233
1233
1235
1237
1238
1239
1240
1241
1244
1244
1246
1246
1248
1251
1251
1251
1252
1253
1253
1254
1255
1256
1258
1258
1259
1261
1263
1264
1264
1264
1266
1267
1268
1268
1269
1272
1274
1275
1276
1279
1280
1281
1281
1283
1284
1284
1285
1286
1286
1286
1287
1287
1288
1289
1291
1292
1292
1293
1293
1297
1298
1299
1300
1301
1301
1301
1303
1303
1303
1304
1305
1305
1306
1307
1307
1307
1310
1310
1310
1310
1310
1312
1313
1314
1314
1315
1315
1315
1315
1316
1318
1318
1318
1319
1319
1321
1321
1321
1321
1323
1323
1323
1324
1325
1325
1328
1328
1329
1329
1329
1330
1331
1332
1332
1333
1334
1335
1335
1336
1338
1339
1340
1342
1342
1343
1346
1346
1347
1348
1348
1348
1349
1351
1351
1353
1353
1355
1355
1359
1359
1361
1361
1362
1362
1362
1362
1363
1363
1365
1365
1367
1367
1367
1367
1369
1369
1371
1371
1371
1371
1374
1374
1376
1378
1378
1379
1379
1380
1381
1381
1384
1385
1388
1389
1389
1390
1391
1394
1394
1394
1394
1395
1396
1396
1397
1397
1397
1397
1398
1400
1402
1402
1402
1403
1407
1408
1408
1409
1409
1411
1413
1413
1413
1413
1414
1415
1415
1416
1416
1417
1418
1419
1421
1421
1422
1422
1423
1423
1424
1428
1429
1430
1430
1431
1435
1436
1436
1437
1437
1438
1439
1439
1440
1440
1440
1441
1441
1441
1442
1445
1446
1446
1448
1449
1450
1452
1452
1452
1454
1454
1455
1457
1458
1459
1460
1461
1462
1462
1463
1464
1466
1466
1468
1468
1468
1469
1469
1469
1473
1473
1473
1473
1473
1477
1478
1480
1481
1482
1482
1482
1482
1483
1487
1487
1488
1490
1490
1490
1490
1491
1492
1494
1496
1497
1498
1499
1499
1500
1502
1503
1503
1503
1507
1507
1507
1508
1509
1512
1513
1513
1513
1514
1516
1517
1517
1517
1517
1519
1520
1521
1523
1523
1524
1524
1525
1526
1528
1528
1530
1531
1531
1535
1537
1539
1542
1542
1544
1545
1546
1548
1548
1550
1551
1555
1556
1557
1559
1564
1567
1568
1569
1570
1570
1570
1573
1573
1574
1575
1575
1575
1576
1576
1577
1579
1580
1581
1581
1581
1582
1584
1585
1589
1590
1591
1592
1593
1594
1595
1595
1596
1596
1596
1596
1597
1598
1598
1599
1600
1601
1601
1602
1603
1603
1604
1605
1605
1605
1605
1606
1609
1609
1609
1611
1612
1612
1613
1613
1615
1615
1616
1617
1619
1619
1621
1624
1624
1627
1628
1629
1630
1630
1631
1631
1632
1633
1633
1634
1635
1636
1645
1645
1646
1646
1647
1647
1649
1653
1654
1654
1655
1656
1657
1659
1660
1662
1663
1665
1667
1668
1672
1672
1672
1672
1675
1676
1677
1679
1680
1681
1681
1682
1683
1683
1684
1684
1686
1687
1690
1691
1693
1694
1694
1696
1697
1697
1698
1698
1699
1700
1700
1702
1702
1704
1704
1707
1708
1709
1709
1710
1711
1712
1713
1713
1717
1718
1719
1720
1724
1724
1727
1728
1728
1731
1732
1734
1736
1736
1736
1738
1738
1740
1740
1743
1745
1745
1746
1747
1751
1752
1753
1753
1753
1754
1755
1756
1756
1758
1759
1761
1761
1761
1765
1765
1766
1768
1769
1770
1770
1770
1770
1771
1772
1772
1773
1773
1775
1777
1777
1777
1778
1781
1781
1783
1784
1784
1785
1786
1786
1786
1787
1788
1790
1791
1791
1791
1793
1796
1797
1797
1799
1800
1800
1800
1800
1801
1805
1805
1805
1806
1807
1808
1808
1810
1811
1812
1813
1814
1816
1817
1819
1819
1819
1820
1822
1822
1823
1823
1824
1827
1828
1829
1830
1831
1831
1831
1832
1832
1833
1834
1835
1835
1835
1836
1838
1839
1840
1842
1843
1843
1844
1844
1844
1845
1845
1847
1849
1849
1850
1852
1854
1855
1861
1861
1862
1862
1863
1864
1865
1865
1866
1867
1867
1869
1870
1870
1871
1871
1872
1874
1874
1878
1878
1878
1880
1881
1881
1881
1883
1884
1885
1886
1887
1887
1889
1890
1892
1892
1894
1896
1897
1898
1900
1902
1902
1903
1903
1903
1906
1910
1912
1912
1913
1913
1914
1915
1915
1917
1919
1919
1921
1924
1924
1925
1927
1928
1928
1930
1931
1932
1932
1932
1932
1933
1934
1935
1936
1937
1938
1938
1938
1940
1941
1942
1942
1943
1943
1944
1944
1945
1945
1945
1945
1946
1951
1952
1952
1952
1954
1955
1958
1958
1960
1963
1963
1963
1963
1964
1965
1966
1967
1967
1969
1969
1969
1970
1970
1971
1971
1971
1971
1972
1973
1974
1975
1975
1975
1978
1978
1979
1982
1983
1983
1985
1985
1985
1985
1986
1987
1988
1989
1990
1991
1991
1993
1994
1995
1995
1995
1996
1998
1998
1998
1998
1998
1998
1999
2000
2001
2002
2003
2003
2003
2004
2005
2006
2007
2009
2009
2011
2012
2012
2014
2015
2018
2018
2020
2022
2022
2022
2024
2026
2026
2026
2028
2029
2030
2031
2032
2034
2035
2035
2036
2037
2037
2037
2038
2038
2039
2039
2039
2040
2042
2042
2042
2045
2045
2048
2048
2048
2048
2050
2050
2051
2051
2051
2051
2052
2053
2055
2056
2057
2058
2058
2058
2060
2060
2060
2061
2062
2064
2065
2065
2065
2066
2066
2067
2067
2068
2068
2069
2070
2071
2072
2072
2073
2073
2074
2075
2077
2078
2079
2079
2080
2081
2082
2083
2084
2084
2085
2085
2087
2087
2087
2089
2089
2090
2090
2091
2092
2093
2094
2094
2096
2097
2099
2100
2100
2101
2101
2103
2105
2107
2108
2110
2111
2111
2112
2115
2117
2117
2117
2118
2118
2119
2121
2122
2123
2124
2125
2125
2125
2125
2126
2127
2127
2128
2130
2130
2130
2130
2131
2132
2133
2135
2135
2136
2137
2137
2138
2138
2139
2140
2140
2142
2143
2144
2147
2147
2149
2151
2151
2153
2156
2157
2158
2160
2163
2167
2169
2169
2171
2171
2173
2173
2173
2174
2175
2177
2178
2179
2179
2181
2182
2183
2183
2183
2183
2184
2186
2186
2189
2191
2191
2192
2193
2194
2195
2195
2196
2197
2197
2198
2198
2199
2201
2202
2203
2204
2204
2205
2206
2208
2208
2209
2209
2210
2210
2212
2212
2215
2215
2217
2217
2218
2218
2219
2219
2219
2222
2223
2223
2225
2228
2229
2229
2230
2232
2232
2233
2233
2233
2235
2236
2237
2237
2242
2245
2245
2245
2245
2246
2247
2247
2248
2249
2249
2249
2250
2251
2251
2252
2252
2252
2252
2253
2253
2255
2255
2256
2257
2259
2260
2263
2264
2264
2265
2265
2265
2266
2266
2266
2267
2268
2269
2269
2271
2272
2272
2272
2273
2274
2275
2275
2276
2277
2278
2278
2280
2280
2281
2282
2282
2282
2283
2284
2284
2285
2285
2286
2288
2290
2291
2291
2292
2296
2298
2300
2301
2302
2302
2303
2303
2304
2305
2305
2306
2306
2308
2309
2309
2309
2310
2311
2311
2314
2314
2315
2316
2316
2317
2318
2319
2320
2320
2321
2321
2322
2322
2324
2325
2326
2327
2328
2329
2330
2330
2331
2335
2336
2337
2337
2339
2339
2340
2343
2344
2345
2346
2347
2347
2348
2348
2350
2350
2350
2350
2350
2352
2352
2353
2353
2356
2357
2358
2358
2360
2361
2363
2366
2366
2366
2367
2370
2371
2371
2373
2374
2374
2375
2375
2376
2378
2379
2382
2385
2386
2386
2387
2390
2391
2391
2393
2394
2394
2395
2395
2397
2398
2400
2400
2400
2400
2400
2404
2405
2406
2406
2406
2407
2407
2408
2409
2411
2411
2411
2413
2413
2414
2416
2418
2418
2418
2419
2420
2421
2421
2422
2422
2423
2423
2424
2426
2426
2426
2427
2427
2427
2427
2428
2428
2428
2429
2429
2429
2430
2430
2430
2430
2431
2433
2434
2437
2438
2438
2439
2439
2439
2439
2439
2441
2441
2441
2442
2442
2444
2444
2446
2447
2448
2449
2450
2450
2453
2454
2455
2458
2458
2459
2459
2459
2460
2461
2464
2465
2465
2465
2466
2471
2474
2474
2478
2478
2479
2479
2480
2483
2483
2485
2486
2487
2488
2490
2491
2493
2494
2494
2496
2496
2498
2502
2502
2503
2503
2504
2507
2507
2510
2510
2512
2512
2514
2515
2519
2520
2520
2521
2521
2523
2523
2523
2525
2526
2526
2527
2528
2528
2531
2531
2532
2533
2533
2535
2535
2536
2537
2539
2541
2541
2545
2546
2546
2547
2547
2547
2550
2550
2552
2553
2554
2555
2555
2555
2557
2558
2559
2562
2563
2564
2565
2566
2569
2570
2570
2572
2573
2573
2574
2575
2577
2578
2578
2578
2580
2581
2583
2586
2587
2592
2593
2593
2594
2594
2594
2595
2595
2595
2596
2596
2597
2598
2598
2599
2600
2600
2600
2600
2601
2602
2602
2602
2604
2605
2609
2611
2611
2612
2612
2613
2613
2616
2616
2617
2618
2619
2619
2620
2621
2622
2622
2624
2625
2626
2628
2628
2628
2629
2630
2631
2632
2632
2632
2633
2633
2635
2635
2636
2636
2637
2637
2639
2639
2641
2643
2647
2647
2649
2650
2651
2651
2652
2652
2655
2655
2657
2659
2661
2662
2662
2663
2664
2667
2668
2669
2670
2673
2674
2675
2675
2676
2676
2677
2678
2680
2682
2682
2682
2683
2683
2684
2685
2686
2686
2686
2687
2689
2690
2690
2691
2691
2693
2693
2693
2693
2693
2695
2702
2704
2704
2705
2706
2707
2708
2708
2708
2709
2709
2710
2715
2717
2721
2723
2723
2724
2725
2727
2729
2729
2729
2729
2730
2730
2731
2732
2735
2736
2736
2738
2738
2739
2741
2741
2743
2744
2746
2748
2748
2749
2750
2751
2752
2753
2754
2755
2755
2757
2759
2760
2761
2762
2765
2767
2768
2768
2769
2771
2772
2772
2773
2773
2774
2775
2777
2777
2779
2779
2780
2780
2781
2781
2782
2783
2785
2786
2786
2787
2787
2788
2789
2789
2789
2789
2794
2795
2795
2795
2796
2796
2797
2797
2800
2800
2805
2807
2809
2811
2812
2812
2815
2815
2815
2816
2817
2818
2819
2820
2821
2822
2823
2827
2829
2829
2830
2833
2833
2835
2835
2838
2840
2843
2847
2849
2853
2853
2854
2855
2856
2858
2859
2859
2861
2861
2862
2862
2864
2866
2867
2867
2868
2868
2870
2871
2873
2876
2878
2878
2879
2882
2882
2882
2883
2885
2885
2886
2886
2888
2888
2888
2895
2895
2899
2901
2901
2902
2903
2904
2904
2904
2905
2907
2908
2908
2909
2910
2911
2912
2913
2915
2917
2919
2920
2925
2925
2925
2927
2927
2930
2931
2931
2932
2935
2937
2940
2940
2942
2944
2946
2947
2947
2948
2950
2950
2950
2951
2952
2952
2952
2955
2957
2959
2959
2960
2960
2960
2961
2962
2963
2964
2965
2970
2970
2971
2971
2972
2974
2975
2976
2976
2977
2978
2980
2981
2981
2985
2985
2986
2988
2994
2994
2998
2998
3000
3000
3000
3002
3002
3003
3004
3004
3004
3007
3012
3015
3017
3018
3019
3021
3022
3022
3025
3025
3025
3026
3026
3026
3026
3032
3033
3034
3034
3035
3036
3039
3040
3044
3044
3045
3046
3050
3050
3053
3053
3055
3056
3057
3057
3057
3059
3059
3059
3061
3061
3062
3063
3065
3066
3066
3068
3068
3068
3070
3073
3073
3073
3074
3075
3075
3079
3079
3082
3086
3087
3089
3092
3092
3093
3093
3094
3096
3100
3100
3102
3103
3105
3106
3107
3107
3108
3109
3115
3115
3116
3121
3121
3121
3122
3122
3124
3124
3126
3128
3130
3130
3131
3131
3131
3132
3135
3135
3137
3137
3139
3141
3141
3142
3143
3143
3145
3145
3146
3148
3149
3151
3155
3156
3157
3158
3158
3158
3166
3169
3170
3174
3175
3176
3177
3178
3178
3178
3179
3180
3180
3180
3184
3187
3187
3190
3191
3193
3195
3195
3197
3197
3199
3200
3201
3203
3203
3204
3205
3206
3208
3210
3212
3212
3214
3216
3217
3218
3218
3218
3219
3220
3222
3222
3223
3223
3225
3228
3229
3230
3230
3230
3233
3239
3240
3241
3241
3241
3243
3244
3246
3246
3251
3255
3260
3261
3263
3263
3269
3269
3270
3272
3277
3277
3277
3278
3280
3281
3281
3282
3282
3282
3283
3283
3285
3286
3286
3287
3287
3287
3288
3290
3291
3292
3292
3294
3295
3296
3297
3297
3298
3298
3299
3302
3302
3302
3303
3304
3305
3306
3307
3309
3310
3313
3313
3314
3318
3319
3321
3321
3322
3323
3324
3327
3328
3329
3331
3332
3333
3334
3335
3335
3337
3339
3340
3340
3341
3341
3342
3342
3342
3344
3345
3347
3348
3348
3354
3355
3356
3357
3357
3358
3359
3359
3361
3363
3364
3364
3365
3366
3366
3367
3367
3369
3369
3373
3373
3375
3375
3375
3375
3376
3376
3379
3381
3381
3381
3381
3382
3383
3387
3388
3388
3388
3388
3389
3390
3392
3392
3393
3393
3394
3395
3398
3400
3400
3401
3406
3406
3408
3414
3414
3414
3415
3417
3417
3420
3420
3421
3422
3422
3423
3427
3429
3430
3430
3430
3430
3430
3431
3431
3431
3435
3436
3437
3440
3440
3440
3441
3442
3442
3442
3444
3444
3444
3444
3445
3446
3446
3448
3449
3453
3455
3457
3460
3461
3465
3465
3465
3471
3472
3472
3473
3474
3477
3477
3481
3481
3482
3482
3484
3484
3485
3485
3486
3486
3488
3490
3490
3490
3491
3495
3497
3497
3499
3499
3501
3501
3505
3506
3508
3509
3511
3511
3513
3514
3515
3515
3517
3519
3524
3529
3530
3531
3532
3533
3533
3533
3533
3534
3537
3539
3540
3541
3542
3543
3546
3548
3551
3555
3556
3557
3557
3560
3561
3562
3562
3563
3564
3565
3567
3567
3570
3572
3573
3575
3576
3577
3578
3579
3580
3580
3580
3580
3581
3582
3582
3584
3585
3586
3592
3593
3593
3596
3597
3598
3598
3599
3599
3599
3599
3600
3603
3604
3606
3606
3607
3612
3613
3614
3614
3615
3616
3617
3617
3619
3620
3621
3621
3622
3622
3624
3628
3630
3632
3632
3632
3632
3634
3638
3639
3640
3640
3641
3643
3644
3644
3644
3645
3645
3645
3648
3648
3652
3653
3653
3654
3654
3657
3658
3660
3662
3662
3664
3665
3667
3668
3668
3668
3671
3671
3672
3672
3677
3677
3678
3679
3681
3682
3687
3688
3689
3691
3691
3692
3694
3694
3695
3695
3696
3700
3701
3702
3704
3705
3705
3707
3707
3708
3710
3710
3712
3713
3713
3714
3715
3715
3715
3719
3722
3722
3723
3726
3730
3731
3731
3735
3738
3741
3742
3749
3749
3750
3752
3754
3755
3756
3758
3763
3765
3767
3768
3768
3768
3768
3769
3769
3770
3772
3772
3773
3774
3775
3778
3781
3782
3783
3785
3790
3792
3798
3798
3801
3801
3801
3802
3803
3803
3804
3806
3806
3806
3806
3807
3815
3815
3817
3818
3819
3821
3826
3827
3830
3831
3833
3833
3834
3836
3838
3839
3841
3841
3846
3847
3847
3849
3850
3850
3852
3855
3858
3860
3860
3863
3864
3867
3868
3869
3869
3873
3874
3876
3877
3877
3878
3878
3880
3882
3882
3884
3884
3886
3887
3888
3889
3890
3893
3893
3896
3898
3902
3903
3906
3907
3907
3908
3909
3911
3911
3911
3912
3912
3913
3914
3914
3917
3918
3919
3922
3923
3924
3926
3927
3929
3930
3931
3932
3933
3935
3937
3938
3941
3942
3943
3950
3950
3951
3953
3954
3955
3957
3958
3958
3959
3960
3960
3961
3963
3965
3966
3970
3970
3972
3972
3973
3973
3973
3974
3974
3977
3978
3979
3979
3981
3984
3985
3987
3990
3991
3992
3996
3997
3997
3999
3999
4001
4001
4002
4005
4006
4006
4006
4006
4007
4008
4008
4010
4012
4013
4014
4015
4018
4019
4019
4019
4021
4022
4024
4027
4028
4029
4029
4029
4031
4031
4034
4036
4036
4037
4038
4038
4039
4039
4040
4041
4042
4044
4049
4052
4052
4054
4062
4062
4063
4063
4065
4065
4065
4075
4075
4077
4079
4080
4081
4085
4089
4089
4093
4095
4095
4097
4097
4098
4098
4099
4102
4102
4103
4103
4104
4104
4105
4109
4109
4111
4112
4120
4121
4121
4126
4127
4128
4128
4130
4133
4133
4136
4138
4141
4142
4142
4145
4148
4149
4149
4154
4155
4155
4156
4161
4162
4163
4163
4166
4168
4171
4172
4173
4174
4176
4176
4177
4178
4181
4183
4183
4183
4183
4184
4185
4190
4190
4191
4192
4192
4192
4192
4195
4198
4198
4199
4202
4202
4205
4208
4209
4211
4213
4220
4222
4224
4225
4232
4232
4234
4238
4238
4242
4243
4244
4244
4246
4246
4249
4252
4252
4255
4255
4261
4262
4264
4264
4265
4265
4269
4270
4271
4273
4274
4274
4277
4279
4281
4282
4283
4283
4283
4288
4290
4291
4292
4293
4294
4302
4302
4309
4309
4315
4317
4318
4318
4318
4322
4326
4329
4332
4332
4332
4339
4342
4343
4344
4345
4346
4346
4347
4349
4349
4351
4352
4352
4355
4356
4357
4358
4359
4359
4359
4361
4361
4366
4370
4371
4371
4373
4374
4374
4374
4375
4376
4376
4380
4384
4385
4386
4388
4388
4388
4389
4389
4389
4389
4391
4393
4401
4403
4404
4407
4408
4410
4412
4412
4414
4415
4417
4418
4420
4420
4420
4421
4425
4425
4426
4430
4431
4432
4433
4436
4436
4437
4437
4437
4437
4438
4441
4441
4441
4447
4448
4448
4450
4450
4452
4452
4453
4454
4456
4462
4469
4469
4472
4473
4477
4478
4478
4479
4479
4479
4482
4493
4494
4495
4495
4499
4499
4500
4501
4502
4503
4503
4505
4509
4510
4511
4513
4515
4515
4515
4518
4519
4523
4523
4524
4524
4528
4528
4529
4530
4533
4534
4536
4536
4537
4539
4545
4545
4546
4547
4551
4551
4552
4555
4556
4559
4561
4570
4573
4574
4576
4576
4579
4580
4584
4585
4596
4597
4599
4601
4605
4606
4606
4609
4609
4609
4610
4610
4611
4611
4616
4617
4619
4622
4624
4629
4630
4630
4631
4632
4636
4636
4638
4642
4646
4646
4647
4650
4651
4652
4653
4660
4662
4664
4665
4665
4668
4668
4672
4674
4675
4675
4676
4676
4680
4681
4682
4682
4683
4689
4690
4691
4691
4691
4694
4694
4696
4696
4698
4698
4699
4699
4700
4702
4704
4705
4706
4707
4707
4707
4711
4713
4713
4715
4717
4720
4721
4721
4722
4723
4728
4731
4731
4733
4736
4738
4743
4744
4748
4749
4750
4750
4752
4754
4755
4759
4761
4761
4762
4763
4763
4765
4766
4768
4770
4774
4774
4775
4776
4777
4777
4779
4780
4782
4782
4782
4783
4783
4787
4789
4791
4795
4795
4797
4798
4798
4799
4802
4806
4809
4809
4811
4815
4816
4819
4819
4819
4825
4826
4828
4828
4833
4834
4837
4840
4845
4847
4848
4849
4851
4851
4851
4852
4853
4854
4854
4855
4857
4857
4858
4858
4859
4859
4862
4862
4863
4863
4863
4864
4865
4865
4866
4871
4877
4878
4878
4879
4880
4881
4881
4882
4883
4884
4884
4885
4888
4890
4890
4893
4893
4901
4904
4904
4905
4907
4907
4910
4911
4912
4912
4913
4915
4915
4915
4916
4917
4918
4919
4919
4919
4920
4924
4926
4926
4928
4929
4930
4930
4933
4933
4936
4936
4937
4937
4938
4940
4942
4942
4945
4945
4949
4955
4958
4963
4965
4967
4967
4970
4971
4972
4972
4972
4974
4975
4976
4977
4980
4981
4982
4983
4984
4985
4985
4985
4988
4988
4990
4990
4990
4993
4997
4999
5000
5002
5003
5003
5006
5007
5007
5008
5009
5011
5011
5012
5015
5016
5016
5020
5021
5025
5026
5028
5028
5030
5034
5034
5035
5035
5036
5037
5037
5038
5039
5045
5046
5048
5051
5055
5056
5057
5057
5058
5060
5063
5065
5065
5065
5066
5066
5067
5067
5068
5069
5071
5071
5072
5073
5074
5077
5078
5078
5084
5084
5086
5091
5093
5094
5096
5097
5099
5105
5105
5106
5107
5108
5111
5115
5115
5115
5116
5118
5121
5123
5125
5128
5129
5133
5133
5134
5139
5140
5142
5144
5144
5146
5150
5151
5152
5152
5156
5157
5158
5159
5162
5163
5168
5170
5170
5180
5182
5186
5187
5187
5189
5196
5197
5197
5199
5199
5200
5201
5204
5207
5208
5209
5210
5210
5215
5216
5220
5220
5221
5225
5226
5227
5229
5230
5230
5232
5233
5236
5237
5237
5238
5240
5241
5244
5244
5248
5248
5250
5253
5255
5260
5262
5262
5264
5266
5278
5279
5281
5283
5283
5285
5290
5290
5290
5293
5293
5295
5297
5299
5300
5302
5303
5305
5311
5312
5312
5313
5314
5316
5318
5319
5322
5323
5324
5324
5324
5326
5327
5328
5336
5337
5341
5341
5341
5344
5344
5349
5357
5357
5357
5358
5360
5360
5361
5363
5367
5367
5368
5370
5371
5372
5373
5374
5376
5379
5382
5385
5389
5391
5391
5393
5395
5398
5400
5402
5402
5403
5408
5409
5411
5413
5414
5414
5416
5418
5421
5425
5426
5426
5428
5430
5431
5432
5432
5433
5435
5437
5437
5438
5438
5439
5440
5441
5441
5443
5444
5444
5449
5450
5451
5457
5460
5460
5463
5465
5465
5468
5469
5471
5471
5472
5474
5475
5476
5476
5478
5478
5480
5480
5481
5482
5485
5487
5494
5497
5497
5501
5501
5502
5503
5503
5506
5506
5508
5508
5511
5512
5515
5519
5520
5520
5520
5521
5525
5532
5536
5538
5538
5539
5543
5545
5547
5547
5551
5551
5554
5560
5560
5562
5564
5567
5569
5572
5574
5577
5578
5579
5581
5582
5583
5586
5586
5588
5588
5588
5589
5590
5590
5591
5594
5594
5600
5603
5605
5608
5609
5611
5617
5619
5621
5627
5629
5631
5631
5637
5637
5637
5638
5638
5647
5652
5653
5654
5655
5658
5660
5661
5661
5664
5664
5665
5665
5667
5670
5670
5673
5674
5677
5677
5678
5678
5680
5683
5685
5687
5692
5693
5698
5698
5701
5706
5709
5714
5716
5717
5722
5725
5726
5727
5728
5731
5731
5733
5734
5736
5740
5743
5744
5745
5745
5747
5748
5749
5753
5755
5758
5759
5760
5761
5761
5764
5766
5766
5770
5771
5779
5780
5782
5784
5786
5791
5792
5794
5794
5794
5795
5797
5799
5799
5799
5804
5805
5805
5812
5812
5817
5818
5827
5829
5835
5836
5839
5840
5840
5841
5842
5842
5843
5843
5844
5847
5848
5848
5849
5853
5855
5856
5861
5864
5865
5865
5865
5865
5867
5868
5872
5873
5873
5874
5875
5875
5876
5882
5883
5884
5885
5889
5892
5892
5896
5897
5898
5898
5898
5899
5899
5902
5907
5908
5911
5912
5912
5913
5923
5928
5931
5932
5932
5934
5934
5936
5942
5943
5944
5945
5946
5948
5950
5951
5953
5953
5954
5955
5955
5958
5960
5960
5963
5967
5971
5971
5973
5975
5977
5978
5981
5983
5984
5984
5986
5986
5986
5987
5988
5990
5995
5995
5998
6000
6003
6004
6006
6007
6007
6012
6013
6013
6013
6014
6015
6021
6022
6023
6028
6029
6029
6030
6033
6036
6037
6039
6041
6042
6042
6042
6048
6050
6051
6053
6053
6054
6057
6057
6061
6062
6066
6066
6072
6073
6075
6079
6081
6081
6082
6085
6086
6087
6092
6093
6094
6095
6097
6100
6101
6102
6105
6105
6108
6108
6108
6110
6111
6112
6113
6117
6122
6122
6126
6127
6127
6129
6131
6131
6133
6134
6136
6139
6145
6147
6148
6150
6152
6155
6156
6160
6161
6166
6167
6167
6168
6169
6177
6177
6179
6179
6179
6181
6184
6185
6185
6186
6186
6186
6187
6187
6187
6196
6200
6201
6201
6204
6207
6210
6211
6212
6212
6217
6218
6218
6221
6223
6224
6225
6232
6233
6234
6235
6237
6241
6241
6243
6243
6245
6246
6249
6250
6250
6252
6253
6254
6255
6255
6257
6259
6261
6261
6262
6263
6264
6267
6267
6268
6270
6271
6272
6273
6274
6274
6275
6277
6278
6280
6282
6285
6286
6289
6293
6294
6295
6297
6298
6301
6301
6304
6307
6307
6309
6310
6311
6311
6313
6319
6321
6322
6323
6327
6331
6331
6332
6332
6334
6336
6338
6342
6343
6344
6345
6347
6348
6350
6352
6354
6354
6356
6357
6362
6362
6362
6362
6368
6368
6368
6371
6371
6372
6373
6378
6380
6381
6387
6388
6389
6394
6397
6398
6400
6402
6402
6408
6409
6409
6413
6414
6415
6416
6418
6418
6420
6421
6421
6427
6430
6430
6434
6438
6440
6441
6441
6442
6446
6448
6449
6451
6458
6461
6462
6464
6465
6468
6469
6471
6474
6478
6479
6480
6482
6486
6490
6491
6493
6494
6496
6497
6503
6505
6506
6511
6514
6514
6514
6516
6521
6526
6527
6527
6528
6528
6529
6531
6533
6537
6538
6540
6541
6546
6548
6548
6548
6552
6553
6555
6558
6558
6558
6563
6572
6572
6574
6575
6575
6577
6582
6589
6589
6590
6598
6598
6600
6603
6607
6609
6610
6614
6620
6621
6624
6625
6625
6627
6635
6640
6643
6644
6645
6654
6656
6658
6658
6659
6664
6665
6667
6667
6671
6671
6672
6673
6674
6675
6678
6679
6679
6682
6686
6686
6688
6688
6689
6692
6692
6694
6695
6696
6698
6698
6700
6700
6700
6703
6703
6704
6704
6705
6707
6707
6708
6713
6715
6716
6718
6726
6729
6730
6730
6731
6736
6737
6741
6741
6743
6745
6748
6748
6750
6750
6751
6755
6755
6756
6756
6757
6757
6758
6759
6760
6762
6766
6767
6767
6768
6769
6771
6772
6778
6781
6782
6782
6784
6785
6785
6790
6795
6795
6799
6802
6803
6803
6803
6806
6812
6815
6815
6815
6820
6821
6821
6825
6826
6827
6832
6832
6833
6833
6834
6835
6837
6838
6840
6842
6844
6844
6846
6847
6847
6848
6852
6855
6856
6856
6857
6859
6861
6866
6866
6867
6868
6869
6872
6873
6876
6880
6880
6881
6882
6883
6885
6891
6895
6895
6897
6898
6900
6902
6904
6907
6908
6910
6911
6911
6917
6919
6921
6925
6926
6929
6937
6938
6938
6939
6940
6941
6942
6944
6945
6948
6952
6954
6954
6958
6959
6963
6963
6967
6967
6969
6970
6974
6977
6980
6983
6984
6985
6997
7000
7002
7004
7004
7004
7005
7006
7008
7008
7008
7009
7009
7013
7015
7015
7016
7017
7021
7022
7022
7026
7027
7029
7029
7032
7033
7035
7036
7037
7038
7038
7039
7043
7045
7046
7047
7048
7048
7048
7050
7052
7052
7052
7053
7063
7066
7072
7079
7079
7079
7082
7092
7093
7094
7097
7097
7099
7102
7105
7108
7108
7109
7116
7118
7120
7124
7124
7124
7125
7125
7129
7131
7133
7134
7135
7135
7141
7142
7142
7143
7145
7146
7148
7149
7149
7149
7153
7153
7153
7153
7155
7156
7157
7162
7162
7163
7169
7172
7174
7175
7176
7180
7184
7185
7185
7185
7187
7189
7192
7196
7197
7201
7203
7210
7211
7211
7211
7213
7216
7218
7219
7221
7221
7222
7227
7229
7229
7232
7232
7232
7236
7243
7246
7247
7249
7250
7251
7253
7258
7258
7261
7261
7263
7265
7270
7272
7273
7274
7275
7277
7282
7282
7283
7285
7287
7293
7294
7295
7295
7296
7296
7303
7305
7307
7307
7308
7313
7316
7317
7317
7317
7318
7320
7321
7327
7332
7334
7334
7335
7336
7337
7337
7338
7338
7341
7341
7342
7346
7346
7348
7351
7352
7354
7356
7360
7360
7368
7368
7371
7371
7371
7371
7372
7377
7378
7379
7379
7380
7383
7384
7387
7393
7394
7395
7396
7397
7398
7399
7401
7405
7408
7408
7409
7410
7413
7417
7418
7420
7421
7422
7426
7427
7429
7432
7434
7437
7439
7440
7440
7441
7448
7450
7452
7452
7452
7454
7457
7458
7468
7469
7469
7470
7471
7473
7474
7475
7477
7479
7481
7481
7487
7489
7494
7498
7499
7506
7518
7522
7526
7527
7527
7530
7531
7532
7533
7534
7535
7535
7536
7538
7540
7540
7541
7542
7543
7544
7546
7547
7551
7552
7553
7553
7555
7556
7557
7557
7558
7559
7560
7560
7565
7569
7571
7571
7574
7574
7577
7582
7583
7584
7584
7585
7586
7591
7594
7600
7600
7600
7600
7601
7602
7603
7604
7605
7606
7607
7613
7614
7615
7616
7617
7620
7621
7627
7628
7629
7634
7637
7637
7642
7644
7644
7647
7647
7647
7651
7651
7652
7653
7654
7655
7659
7661
7666
7666
7666
7668
7670
7670
7678
7679
7680
7680
7680
7681
7682
7683
7683
7683
7684
7685
7688
7690
7690
7690
7694
7695
7696
7698
7700
7701
7704
7716
7719
7720
7726
7729
7730
7730
7732
7735
7737
7738
7738
7739
7741
7742
7743
7745
7746
7748
7749
7753
7753
7758
7759
7759
7762
7765
7765
7769
7770
7771
7771
7772
7772
7773
7778
7780
7781
7784
7787
7790
7792
7795
7796
7796
7797
7803
7805
7805
7810
7810
7810
7811
7814
7817
7823
7829
7829
7832
7836
7837
7839
7839
7840
7841
7843
7843
7844
7847
7849
7849
7851
7853
7853
7854
7854
7854
7855
7857
7858
7860
7861
7862
7863
7864
7864
7868
7873
7874
7877
7878
7885
7888
7888
7889
7890
7893
7894
7898
7902
7902
7902
7904
7905
7907
7907
7908
7913
7914
7915
7918
7918
7919
7921
7925
7926
7928
7928
7930
7932
7932
7934
7937
7937
7945
7946
7947
7948
7949
7951
7954
7960
7961
7966
7968
7971
7974
7977
7986
7991
7992
7992
7993
7996
8006
8009
8011
8016
8017
8018
8020
8023
8024
8027
8030
8031
8036
8038
8039
8040
8047
8048
8050
8050
8052
8052
8055
8056
8059
8060
8060
8062
8063
8066
8070
8072
8073
8073
8074
8075
8079
8079
8085
8085
8090
8097
8097
8100
8102
8103
8105
8107
8115
8115
8120
8122
8123
8123
8124
8127
8128
8129
8131
8134
8135
8136
8136
8136
8140
8142
8144
8146
8147
8147
8147
8147
8151
8161
8166
8166
8167
8167
8170
8178
8179
8181
8184
8188
8189
8190
8194
8198
8199
8202
8202
8202
8202
8204
8206
8206
8210
8211
8213
8215
8216
8232
8235
8236
8236
8236
8244
8246
8246
8247
8249
8251
8255
8256
8260
8267
8269
8272
8276
8276
8278
8280
8282
8284
8285
8286
8291
8292
8293
8295
8299
8300
8302
8306
8307
8308
8310
8311
8312
8314
8314
8315
8317
8321
8321
8321
8322
8324
8327
8328
8329
8330
8330
8331
8332
8336
8339
8340
8340
8341
8341
8345
8345
8347
8348
8349
8349
8352
8354
8355
8357
8359
8360
8368
8371
8375
8376
8379
8385
8386
8388
8389
8390
8393
8396
8397
8398
8398
8399
8400
8403
8403
8404
8404
8404
8405
8415
8416
8419
8423
8426
8427
8430
8430
8432
8435
8436
8437
8446
8448
8449
8450
8454
8457
8458
8459
8461
8471
8474
8477
8482
8482
8484
8486
8487
8488
8489
8489
8490
8490
8490
8491
8497
8498
8499
8501
8503
8503
8505
8506
8507
8510
8511
8511
8512
8512
8515
8518
8523
8523
8525
8527
8532
8536
8536
8541
8544
8545
8549
8551
8553
8553
8554
8560
8564
8565
8565
8570
8577
8579
8583
8583
8583
8584
8585
8592
8597
8598
8599
8600
8601
8606
8607
8607
8609
8609
8612
8618
8622
8624
8624
8628
8629
8631
8633
8636
8637
8637
8641
8647
8647
8647
8648
8653
8654
8656
8656
8657
8657
8661
8664
8669
8673
8674
8675
8678
8678
8684
8686
8690
8691
8694
8696
8700
8700
8700
8701
8704
8710
8711
8714
8717
8718
8718
8721
8732
8740
8743
8747
8754
8755
8756
8756
8756
8758
8759
8760
8761
8767
8780
8780
8782
8782
8785
8789
8789
8791
8792
8797
8801
8802
8802
8802
8802
8808
8808
8810
8811
8813
8815
8819
8819
8820
8820
8821
8823
8823
8826
8828
8831
8831
8833
8837
8839
8841
8845
8847
8848
8849
8849
8857
8858
8861
8861
8867
8867
8869
8873
8878
8883
8883
8884
8886
8890
8890
8892
8893
8894
8897
8897
8900
8901
8902
8905
8905
8906
8909
8912
8913
8913
8916
8922
8926
8926
8928
8928
8929
8930
8931
8936
8937
8938
8942
8945
8947
8949
8950
8950
8951
8954
8955
8957
8957
8960
8963
8964
8970
8971
8974
8974
8975
8977
8977
8982
8985
8990
8994
8997
9000
9002
9004
9011
9014
9015
9017
9018
9019
9026
9030
9030
9032
9036
9038
9040
9044
9046
9047
9048
9049
9051
9052
9056
9063
9064
9065
9066
9067
9068
9069
9073
9075
9082
9083
9084
9085
9085
9085
9085
9086
9089
9091
9098
9100
9100
9103
9105
9106
9106
9107
9107
9110
9112
9115
9117
9118
9123
9124
9125
9134
9134
9142
9143
9143
9150
9154
9160
9166
9173
9174
9174
9177
9178
9179
9186
9191
9191
9193
9195
9198
9202
9204
9206
9216
9216
9217
9217
9217
9221
9222
9223
9224
9225
9230
9231
9233
9234
9239
9240
9241
9241
9241
9244
9244
9249
9259
9261
9262
9265
9265
9270
9273
9278
9278
9286
9289
9294
9295
9295
9296
9297
9300
9303
9303
9304
9306
9306
9306
9308
9308
9311
9311
9313
9314
9316
9324
9325
9326
9334
9335
9337
9338
9339
9339
9341
9342
9345
9347
9349
9361
9366
9370
9371
9378
9382
9384
9391
9398
9404
9406
9409
9409
9413
9417
9420
9421
9423
9423
9428
9428
9429
9430
9434
9435
9436
9445
9446
9446
9447
9447
9448
9452
9452
9453
9453
9460
9462
9463
9463
9466
9466
9467
9470
9473
9475
9475
9476
9476
9476
9477
9477
9478
9483
9483
9486
9492
9493
9494
9496
9497
9499
9500
9504
9506
9506
9508
9510
9511
9517
9518
9518
9518
9521
9522
9524
9527
9527
9529
9530
9531
9532
9532
9532
9533
9534
9535
9535
9535
9535
9537
9542
9545
9549
9550
9550
9554
9555
9557
9559
9559
9559
9560
9560
9562
9567
9568
9569
9570
9572
9584
9585
9585
9586
9592
9593
9594
9595
9595
9597
9597
9598
9605
9614
9618
9622
9624
9628
9631
9635
9638
9638
9642
9646
9651
9652
9654
9654
9661
9669
9674
9680
9681
9683
9684
9693
9694
9700
9703
9705
9712
9715
9715
9715
9719
9721
9723
9726
9727
9730
9731
9732
9732
9732
9736
9736
9741
9741
9741
9745
9750
9750
9750
9750
9751
9751
9752
9758
9761
9762
9762
9764
9768
9773
9773
9775
9777
9782
9783
9784
9784
9785
9785
9786
9800
9800
9803
9804
9806
9813
9814
9815
9817
9821
9821
9822
9823
9825
9826
9829
9831
9837
9849
9850
9850
9855
9856
9860
9860
9863
9863
9868
9872
9873
9875
9876
9878
9879
9883
9885
9889
9892
9893
9894
9897
9899
9900
9900
9903
9904
9906
9907
9907
9910
9911
9913
9914
9918
9919
9922
9924
9926
9928
9928
9931
9932
9933
9935
9936
9936
9938
9941
9944
9944
9948
9951
9952
9953
9955
9955
9957
9957
9959
9960
9961
9964
9967
9967
9972
9973
9973
9979
9982
9984
9987
9990
9994
9995
9996
9996
9999
10001
10002
10005
10007
10008
10011
10014
10014
10014
10016
10018
10025
10032
10032
10036
10040
10047
10047
10049
10050
10051
10051
10054
10057
10057
10057
10062
10066
10067
10068
10071
10076
10081
10082
10087
10089
10090
10097
10098
10101
10103
10107
10108
10110
10113
10118
10120
10121
10121
10124
10127
10127
10131
10135
10136
10137
10144
10144
10146
10148
10149
10150
10152
10163
10166
10166
10166
10167
10169
10171
10171
10175
10177
10178
10179
10182
10183
10187
10187
10189
10192
10194
10196
10197
10202
10211
10212
10214
10214
10221
10222
10225
10234
10236
10237
10239
10243
10248
10249
10249
10249
10250
10257
10257
10258
10258
10259
10259
10260
10261
10264
10265
10271
10272
10273
10274
10277
10278
10278
10280
10280
10282
10285
10286
10288
10290
10292
10294
10296
10304
10308
10309
10309
10309
10310
10313
10319
10320
10322
10325
10330
10331
10331
10331
10336
10338
10339
10344
10345
10347
10348
10351
10351
10357
10363
10363
10364
10365
10370
10371
10372
10376
10380
10381
10384
10387
10387
10389
10393
10399
10400
10401
10408
10410
10413
10415
10415
10415
10418
10419
10420
10422
10423
10430
10430
10431
10438
10441
10444
10445
10448
10450
10451
10452
10459
10459
10465
10470
10472
10473
10474
10474
10486
10488
10488
10489
10490
10491
10501
10503
10504
10507
10517
10523
10524
10525
10526
10528
10529
10532
10538
10542
10543
10546
10549
10552
10553
10555
10557
10563
10566
10569
10572
10572
10573
10574
10575
10578
10582
10583
10585
10585
10590
10594
10595
10596
10597
10597
10597
10598
10599
10601
10601
10603
10609
10612
10615
10617
10618
10618
10628
10630
10630
10631
10632
10635
10635
10636
10639
10645
10648
10650
10651
10652
10653
10655
10656
10657
10657
10659
10659
10666
10667
10669
10678
10683
10685
10686
10688
10689
10691
10691
10695
10695
10697
10711
10713
10716
10717
10719
10720
10725
10726
10728
10729
10730
10732
10733
10737
10737
10740
10744
10744
10758
10763
10765
10765
10765
10769
10771
10776
10779
10781
10782
10784
10786
10790
10790
10793
10798
10800
10801
10801
10802
10803
10808
10810
10811
10811
10811
10814
10817
10818
10822
10823
10825
10828
10828
10832
10834
10837
10846
10852
10854
10857
10860
10864
10871
10874
10881
10886
10890
10892
10893
10894
10896
10901
10905
10907
10909
10910
10911
10913
10919
10926
10927
10929
10932
10933
10933
10935
10936
10937
10939
10948
10950
10952
10953
10954
10958
10958
10959
10960
10960
10963
10963
10968
10969
10972
10972
10974
10978
10980
10981
10983
10987
10988
10989
10989
10994
10994
10994
10997
11000
11000
11000
11001
11015
11015
11017
11017
11019
11020
11025
11026
11026
11031
11032
11038
11043
11045
11047
11048
11049
11049
11054
11055
11057
11058
11062
11065
11075
11076
11078
11083
11085
11093
11096
11097
11098
11099
11100
11101
11102
11102
11105
11106
11115
11115
11117
11119
11121
11133
11133
11136
11137
11140
11140
11143
11144
11155
11158
11167
11168
11176
11178
11190
11193
11197
11201
11203
11203
11204
11205
11205
11207
11209
11211
11214
11217
11223
11225
11232
11242
11244
11244
11246
11250
11251
11252
11254
11256
11259
11260
11279
11281
11282
11284
11284
11288
11290
11295
11295
11296
11304
11307
11309
11309
11312
11315
11316
11316
11319
11323
11328
11341
11344
11346
11347
11349
11350
11350
11354
11356
11358
11359
11363
11364
11366
11375
11385
11388
11396
11400
11400
11401
11404
11405
11409
11412
11412
11421
11426
11427
11427
11430
11430
11436
11442
11442
11443
11447
11448
11452
11460
11461
11463
11464
11467
11469
11472
11472
11472
11473
11475
11479
11485
11487
11488
11489
11490
11491
11493
11494
11496
11496
11497
11498
11498
11498
11498
11501
11502
11504
11507
11508
11515
11522
11522
11523
11526
11531
11534
11535
11538
11542
11547
11548
11550
11554
11556
11558
11562
11563
11563
11563
11566
11568
11573
11574
11574
11580
11584
11585
11587
11591
11602
11605
11610
11611
11615
11618
11619
11621
11622
11625
11626
11630
11631
11636
11636
11640
11647
11650
11655
11657
11658
11659
11660
11663
11668
11668
11671
11671
11675
11678
11678
11680
11681
11687
11690
11691
11692
11697
11697
11700
11703
11704
11704
11711
11711
11713
11713
11714
11714
11715
11718
11723
11726
11733
11733
11733
11738
11739
11740
11750
11751
11764
11780
11781
11783
11784
11787
11790
11795
11804
11804
11806
11813
11816
11816
11818
11820
11822
11825
11829
11833
11834
11835
11836
11841
11841
11842
11845
11846
11846
11851
11853
11854
11856
11857
11863
11864
11866
11868
11870
11871
11871
11874
11874
11874
11880
11886
11892
11892
11892
11893
11898
11900
11901
11908
11910
11915
11917
11918
11922
11924
11931
11940
11941
11948
11955
11957
11959
11962
11967
11971
11972
11977
11981
11982
11987
11989
11993
11994
12003
12007
12011
12021
12029
12032
12034
12035
12036
12038
12039
12039
12041
12048
12051
12053
12060
12061
12072
12073
12073
12076
12078
12083
12089
12095
12098
12099
12100
12101
12109
12110
12111
12113
12114
12117
12123
12123
12128
12129
12140
12140
12146
12148
12154
12159
12169
12175
12179
12180
12181
12182
12184
12188
12201
12204
12206
12207
12212
12215
12216
12222
12223
12231
12234
12237
12241
12243
12247
12250
12251
12253
12254
12254
12261
12261
12262
12266
12268
12268
12271
12272
12274
12279
12280
12282
12282
12283
12286
12298
12302
12303
12303
12304
12309
12311
12313
12315
12316
12318
12322
12324
12327
12327
12331
12334
12335
12361
12363
12366
12367
12373
12376
12381
12383
12386
12390
12401
12402
12402
12403
12409
12421
12422
12427
12428
12430
12432
12432
12440
12441
12441
12446
12449
12451
12455
12455
12456
12457
12463
12464
12465
12474
12480
12482
12485
12486
12493
12495
12495
12507
12516
12517
12517
12519
12522
12535
12539
12544
12545
12549
12551
12558
12560
12562
12564
12572
12573
12577
12579
12590
12598
12599
12600
12605
12607
12608
12613
12620
12631
12631
12633
12634
12637
12640
12641
12646
12650
12659
12666
12667
12667
12682
12684
12687
12692
12699
12702
12705
12707
12711
12718
12721
12728
12729
12736
12739
12740
12743
12747
12748
12748
12763
12766
12767
12769
12773
12782
12784
12785
12788
12790
12796
12798
12800
12800
12801
12813
12820
12825
12826
12839
12844
12845
12849
12862
12863
12864
12870
12877
12881
12881
12885
12888
12890
12892
12892
12895
12896
12898
12898
12898
12904
12907
12908
12910
12913
12914
12919
12921
12921
12924
12925
12927
12931
12935
12944
12944
12946
12953
12965
12965
12969
12973
12976
12979
12980
12990
12993
12994
12996
12997
13000
13001
13003
13003
13007
13007
13010
13013
13014
13016
13019
13020
13028
13030
13032
13040
13040
13040
13041
13043
13047
13052
13053
13056
13057
13063
13063
13064
13066
13071
13076
13078
13081
13085
13089
13098
13099
13108
13113
13113
13119
13119
13124
13125
13125
13128
13134
13134
13139
13140
13148
13149
13150
13151
13154
13156
13160
13165
13168
13176
13177
13180
13181
13181
13182
13183
13187
13188
13189
13190
13193
13195
13197
13205
13208
13208
13222
13223
13224
13225
13225
13232
13233
13240
13243
13244
13247
13254
13256
13256
13258
13259
13261
13262
13265
13266
13268
13274
13274
13276
13278
13279
13281
13291
13293
13293
13296
13301
13301
13306
13311
13317
13317
13318
13320
13321
13329
13332
13336
13338
13339
13356
13357
13359
13359
13361
13368
13373
13375
13377
13377
13377
13378
13379
13379
13379
13381
13394
13395
13403
13404
13406
13411
13413
13417
13418
13420
13424
13425
13427
13428
13430
13432
13438
13438
13442
13443
13447
13448
13448
13451
13454
13462
13465
13475
13478
13483
13486
13502
13503
13512
13513
13515
13518
13521
13526
13538
13541
13541
13542
13556
13556
13563
13564
13566
13570
13570
13573
13579
13583
13584
13584
13588
13596
13597
13597
13599
13604
13605
13607
13607
13608
13610
13612
13619
13624
13630
13632
13634
13634
13639
13644
13648
13652
13657
13659
13669
13671
13671
13671
13672
13684
13685
13689
13693
13694
13696
13699
13702
13703
13704
13708
13710
13711
13712
13714
13716
13721
13728
13729
13729
13730
13731
13734
13734
13743
13744
13751
13751
13756
13759
13760
13764
13766
13767
13770
13779
13782
13783
13792
13794
13799
13802
13804
13804
13808
13808
13809
13810
13813
13821
13826
13827
13827
13831
13834
13841
13842
13842
13842
13847
13853
13854
13859
13859
13860
13862
13870
13873
13875
13878
13880
13881
13882
13884
13885
13885
13888
13890
13891
13892
13893
13913
13916
13918
13920
13921
13922
13922
13923
13925
13926
13937
13938
13939
13943
13944
13944
13949
13949
13950
13958
13960
13972
13976
13987
13989
13991
13995
13996
13997
13999
13999
14000
14002
14006
14011
14012
14014
14017
14017
14018
14019
14024
14029
14032
14033
14039
14041
14042
14046
14048
14052
14055
14058
14058
14059
14062
14062
14065
14066
14068
14075
14078
14081
14083
14090
14090
14095
14100
14101
14103
14104
14111
14112
14119
14133
14153
14153
14155
14156
14157
14167
14170
14174
14176
14178
14178
14185
14203
14205
14215
14218
14218
14221
14228
14231
14233
14236
14240
14241
14246
14249
14253
14255
14257
14257
14261
14262
14262
14263
14267
14270
14283
14285
14295
14295
14299
14299
14304
14309
14312
14313
14313
14317
14322
14324
14326
14331
14334
14336
14341
14344
14351
14358
14358
14360
14391
14398
14404
14406
14408
14408
14409
14411
14412
14415
14416
14418
14426
14432
14433
14435
14438
14444
14449
14455
14457
14462
14466
14479
14482
14485
14492
14499
14504
14504
14515
14530
14530
14536
14540
14544
14546
14546
14555
14555
14558
14560
14561
14569
14570
14572
14576
14582
14587
14596
14596
14597
14599
14599
14601
14612
14616
14616
14617
14617
14620
14625
14626
14629
14629
14638
14639
14640
14643
14647
14648
14652
14657
14673
14675
14678
14679
14683
14689
14694
14700
14701
14708
14709
14713
14720
14722
14729
14729
14734
14736
14737
14738
14749
14754
14759
14761
14766
14769
14769
14771
14775
14778
14780
14783
14785
14790
14794
14794
14797
14799
14800
14802
14810
14820
14825
14827
14833
14836
14839
14845
14847
14850
14856
14863
14864
14872
14872
14876
14876
14879
14882
14883
14891
14895
14906
14910
14911
14914
14915
14916
14920
14922
14928
14930
14931
14933
14935
14939
14944
14955
14957
14957
14958
14959
14960
14964
14985
14986
14988
14990
14990
14994
14995
14997
14999
15007
15007
15007
15010
15015
15016
15033
15033
15034
15037
15038
15038
15040
15042
15043
15045
15047
15051
15051
15054
15056
15059
15063
15064
15069
15070
15075
15084
15088
15094
15095
15095
15101
15102
15102
15105
15109
15115
15119
15123
15125
15131
15131
15132
15133
15134
15138
15142
15144
15151
15165
15165
15166
15168
15171
15179
15179
15182
15185
15188
15189
15195
15205
15207
15207
15210
15214
15217
15217
15217
15218
15223
15228
15229
15231
15233
15241
15242
15246
15247
15249
15250
15256
15256
15258
15262
15272
15274
15276
15285
15289
15291
15292
15293
15301
15309
15312
15322
15323
15331
15338
15338
15346
15347
15351
15355
15356
15361
15362
15363
15364
15366
15373
15381
15381
15385
15387
15387
15388
15390
15391
15395
15395
15398
15399
15403
15405
15415
15415
15418
15430
15431
15433
15436
15439
15445
15445
15448
15450
15450
15460
15460
15464
15464
15480
15483
15485
15487
15497
15500
15510
15512
15512
15515
15520
15525
15534
15537
15541
15546
15549
15550
15551
15552
15553
15569
15577
15577
15577
15578
15584
15585
15594
15594
15595
15597
15598
15612
15626
15627
15638
15644
15647
15649
15650
15657
15659
15660
15661
15674
15684
15684
15687
15690
15704
15714
15720
15722
15730
15732
15733
15740
15741
15744
15746
15747
15753
15753
15755
15756
15758
15762
15764
15770
15775
15779
15784
15785
15786
15786
15787
15790
15796
15799
15804
15805
15806
15815
15818
15820
15824
15832
15833
15834
15839
15839
15840
15844
15848
15851
15854
15854
15860
15863
15868
15879
15889
15891
15894
15905
15906
15911
15913
15917
15920
15922
15926
15928
15931
15940
15943
15945
15950
15965
15966
15970
15972
15974
15976
15980
15982
15986
15987
15993
15994
15994
15994
16000
16009
16013
16018
16021
16021
16031
16043
16054
16057
16059
16067
16085
16101
16104
16110
16110
16118
16118
16125
16138
16142
16143
16145
16146
16149
16155
16156
16159
16160
16167
16168
16171
16171
16176
16179
16182
16190
16193
16196
16203
16209
16226
16229
16234
16234
16234
16242
16244
16248
16249
16253
16256
16263
16265
16274
16276
16277
16291
16295
16302
16303
16306
16307
16311
16316
16317
16321
16321
16337
16337
16337
16343
16346
16350
16352
16353
16354
16357
16362
16371
16379
16383
16394
16394
16399
16402
16413
16414
16424
16428
16431
16437
16444
16453
16454
16456
16466
16469
16472
16482
16487
16491
16493
16500
16506
16514
16515
16516
16517
16539
16551
16552
16560
16567
16568
16571
16575
16575
16576
16582
16583
16597
16598
16602
16603
16609
16613
16615
16619
16629
16634
16636
16639
16639
16641
16642
16645
16649
16657
16658
16660
16663
16663
16668
16672
16676
16677
16698
16707
16707
16709
16716
16718
16719
16723
16728
16743
16746
16759
16779
16781
16781
16790
16791
16795
16797
16801
16808
16811
16815
16826
16828
16834
16836
16837
16840
16844
16850
16850
16850
16851
16860
16864
16865
16883
16889
16898
16905
16906
16913
16915
16928
16930
16933
16934
16937
16938
16939
16940
16947
16959
16968
16973
16980
16983
16990
16993
16996
16998
17000
17009
17027
17029
17041
17043
17045
17052
17052
17052
17057
17064
17067
17069
17070
17071
17071
17076
17078
17085
17092
17094
17095
17096
17101
17101
17105
17109
17109
17110
17110
17113
17120
17124
17126
17126
17128
17128
17129
17130
17140
17141
17155
17162
17166
17167
17178
17178
17178
17181
17186
17186
17189
17189
17193
17193
17194
17199
17215
17221
17223
17226
17230
17234
17235
17236
17239
17239
17244
17256
17259
17261
17278
17280
17281
17283
17285
17286
17290
17292
17292
17296
17296
17300
17301
17304
17319
17328
17328
17335
17344
17344
17348
17353
17356
17357
17367
17367
17379
17382
17383
17387
17394
17395
17407
17411
17413
17414
17429
17431
17433
17438
17440
17441
17443
17445
17446
17446
17449
17455
17459
17462
17481
17483
17484
17492
17495
17500
17501
17503
17511
17513
17514
17515
17516
17518
17521
17528
17529
17533
17537
17541
17552
17553
17557
17557
17564
17565
17565
17574
17575
17577
17585
17589
17590
17599
17606
17606
17608
17613
17615
17619
17624
17632
17638
17639
17639
17640
17641
17648
17650
17655
17659
17659
17660
17661
17664
17665
17667
17674
17677
17678
17679
17686
17701
17705
17706
17726
17740
17745
17748
17748
17754
17767
17771
17773
17776
17781
17789
17791
17796
17802
17805
17807
17814
17832
17837
17839
17840
17841
17842
17852
17852
17856
17857
17858
17858
17860
17861
17868
17869
17872
17878
17884
17885
17887
17887
17889
17892
17893
17896
17896
17904
17904
17907
17912
17916
17916
17916
17933
17934
17941
17953
17960
17965
17968
17969
17972
17981
17981
17981
17983
17987
17992
17994
18000
18012
18015
18015
18019
18028
18028
18028
18037
18038
18041
18042
18055
18057
18057
18059
18066
18067
18068
18074
18081
18083
18085
18085
18087
18088
18095
18096
18097
18101
18112
18118
18118
18122
18122
18124
18127
18132
18134
18143
18143
18158
18171
18172
18174
18179
18179
18187
18189
18193
18199
18207
18208
18210
18212
18216
18217
18223
18232
18248
18249
18256
18262
18271
18274
18274
18277
18287
18301
18304
18328
18332
18337
18337
18360
18362
18365
18366
18379
18381
18384
18393
18399
18407
18415
18419
18424
18432
18435
18439
18443
18443
18444
18445
18447
18447
18449
18454
18454
18466
18466
18475
18476
18503
18505
18506
18524
18528
18532
18540
18540
18542
18545
18558
18570
18570
18599
18603
18604
18604
18607
18613
18620
18621
18628
18631
18633
18637
18638
18640
18641
18643
18647
18655
18656
18662
18666
18672
18674
18674
18677
18678
18678
18679
18682
18684
18692
18723
18725
18726
18728
18732
18752
18756
18756
18758
18764
18769
18776
18779
18802
18805
18808
18815
18826
18827
18828
18833
18840
18841
18841
18847
18851
18865
18867
18869
18886
18899
18899
18901
18906
18910
18912
18912
18920
18921
18927
18928
18932
18932
18941
18943
18944
18945
18948
18953
18955
18955
18957
18960
18960
18961
18970
18972
18975
18975
18982
18982
18985
18986
18999
19003
19006
19007
19019
19025
19026
19027
19034
19045
19046
19048
19050
19051
19054
19056
19057
19060
19065
19071
19078
19095
19097
19101
19101
19102
19106
19108
19110
19112
19112
19113
19113
19114
19118
19124
19137
19139
19144
19146
19149
19150
19151
19154
19154
19162
19162
19171
19174
19184
19199
19209
19212
19216
19216
19218
19224
19233
19233
19235
19237
19241
19241
19248
19257
19261
19266
19266
19268
19272
19279
19281
19286
19290
19298
19300
19304
19311
19313
19316
19323
19327
19327
19329
19339
19342
19344
19345
19345
19346
19348
19378
19382
19405
19405
19407
19415
19421
19422
19425
19428
19433
19436
19437
19445
19451
19455
19461
19464
19464
19466
19467
19470
19476
19481
19482
19492
19503
19504
19505
19508
19512
19514
19515
19517
19519
19528
19529
19531
19533
19535
19535
19538
19540
19543
19547
19550
19556
19563
19564
19564
19572
19583
19584
19597
19600
19608
19621
19626
19629
19633
19635
19651
19651
19652
19656
19665
19668
19673
19688
19693
19701
19704
19710
19718
19725
19731
19731
19732
19737
19767
19771
19773
19778
19779
19780
19787
19790
19799
19801
19803
19810
19820
19835
19839
19840
19854
19855
19855
19860
19861
19864
19878
19886
19899
19913
19917
19919
19927
19930
19933
19935
19935
19935
19946
19960
19962
19964
19969
19979
19988
19993
19996
20019
20019
20026
20027
20028
20043
20048
20056
20056
20059
20065
20065
20067
20072
20076
20088
20098
20098
20108
20124
20131
20131
20133
20135
20135
20142
20143
20146
20149
20150
20160
20163
20163
20166
20168
20171
20171
20186
20194
20200
20202
20204
20207
20211
20217
20233
20236
20239
20241
20249
20251
20264
20267
20275
20299
20303
20309
20318
20323
20339
20356
20361
20363
20366
20389
20389
20395
20395
20397
20402
20413
20451
20460
20463
20467
20489
20490
20491
20498
20502
20525
20535
20544
20545
20549
20552
20553
20561
20566
20571
20575
20578
20581
20585
20599
20602
20605
20606
20621
20628
20634
20646
20661
20666
20670
20687
20696
20700
20705
20711
20713
20717
20719
20721
20722
20734
20739
20744
20753
20761
20762
20763
20773
20802
20802
20813
20827
20835
20838
20841
20862
20866
20877
20878
20881
20896
20901
20906
20919
20925
20934
20941
20958
20959
20965
20967
20972
20978
20978
20981
20984
21003
21013
21031
21036
21043
21068
21071
21072
21073
21075
21077
21079
21088
21089
21102
21103
21115
21120
21133
21150
21190
21199
21210
21219
21223
21230
21248
21255
21257
21258
21284
21285
21285
21323
21328
21336
21346
21347
21351
21356
21357
21364
21370
21382
21392
21393
21395
21431
21437
21462
21465
21492
21511
21537
21539
21556
21593
21609
21611
21614
21615
21617
21629
21637
21646
21676
21683
21687
21698
21701
21705
21713
21713
21720
21722
21724
21742
21744
21768
21773
21804
21815
21830
21846
21853
21854
21874
21876
21880
21880
21911
21929
21930
21935
21936
21947
21974
21982
22023
22040
22042
22064
22066
22078
22083
22090
22112
22124
22124
22138
22139
22149
22151
22159
22160
22160
22161
22168
22191
22219
22227
22228
22233
22233
22246
22247
22260
22266
22268
22304
22343
22350
22372
22373
22374
22387
22408
22414
22420
22444
22455
22484
22507
22521
22529
22532
22561
22562
22570
22618
22624
22664
22674
22702
22703
22731
22753
22766
22768
22769
22794
22837
22843
22844
22849
22900
22917
22917
22942
22955
22966
22969
22975
22982
22985
22986
23009
23010
23013
23025
23048
23069
23092
23119
23136
23160
23164
23165
23174
23183
23194
23207
23227
23244
23330
23347
23361
23376
23410
23411
23446
23446
23450
23453
23468
23474
23486
23520
23541
23562
23574
23595
23623
23624
23715
23721
23750
23762
23779
23781
23804
23804
23804
23808
23825
23841
23855
23855
23872
23875
23906
23907
23971
23975
23983
24016
24022
24061
24132
24140
24161
24193
24217
24236
24237
24247
24265
24276
24276
24323
24357
24366
24390
24420
24447
24456
24508
24520
24534
24548
24568
24605
24629
24668
24669
24736
24737
24743
24747
24757
24782
24785
24832
24894
24899
24916
24928
24945
24962
24963
24981
25002
25030
25083
25088
25115
25162
25233
25242
25306
25328
25373
25375
25427
25428
25490
25501
25504
25512
25524
25568
25591
25603
25621
25651
25671
25699
25699
25699
25712
25716
25738
25784
25820
25829
25853
25878
25920
25924
25933
25966
26068
26069
26087
26110
26170
26208
26214
26240
26324
26347
26358
26385
26459
26487
26536
26558
26559
26580
26585
26622
26627
26783
26837
26840
26868
26975
26998
27001
27018
27059
27119
27126
27142
27183
27187
27242
27432
27502
27580
27819
27917
27939
27976
27990
28018
28093
28304
28343
28596
28622
28782
28793
28822
29149
29257
29297
29449
29597
30056
30109
30132
30265
30441
30449
30503
30519
30685
30876
31014
31614
31619
31620
32114
32335
32411
32430
32692
33143
33625
33862
34006
34769
34808
35977
36299
39045
39747
