1003
1005
1007
1007
1007
1007
1009
1011
1011
1012
1012
1012
1013
1013
1014
1014
1016
1018
1020
1020
1020
1021
1021
1022
1023
1028
1032
1033
1033
1034
1034
1035
1036
1036
1036
1039
1039
1040
1041
1042
1042
1043
1043
1045
1047
1048
1049
1050
1050
1050
1050
1050
1051
1051
1051
1053
1053
1055
1056
1056
1058
1060
1060
1061
1061
1062
1063
1063
1067
1068
1069
1070
1070
1071
1071
1072
1073
1073
1074
1075
1076
1079
1079
1079
1080
1081
1081
1081
1081
1082
1083
1084
1085
1085
1085
1086
1088
1088
1088
1090
1091
1092
1093
1093
1093
1094
1094
1098
1101
1102
1104
1105
1107
1109
1109
1111
1113
1117
1118
1119
1119
1119
1121
1122
1122
1123
1126
1127
1127
1127
1128
1129
1129
1129
1130
1130
1131
1131
1131
1133
1135
1136
1138
1139
1141
1142
1143
1146
1146
1147
1148
1149
1149
1149
1150
1150
1154
1159
1160
1160
1161
1162
1163
1163
1163
1164
1164
1167
1169
1170
1172
1174
1175
1175
1175
1176
1176
1178
1179
1180
1180
1181
1181
1182
1183
1183
1184
1184
1186
1186
1187
1189
1189
1189
1190
1191
1192
1192
1192
1192
1192
1192
1193
1196
1196
1197
1197
1197
1199
1199
1200
1200
1200
1200
1201
1202
1203
1204
1206
1207
1208
1208
1209
1210
1211
1213
1214
1215
1215
1215
1216
1217
1219
1219
1221
1222
1222
1223
1223
1223
1223
1226
1226
1226
1228
1228
1228
1229
1230
1230
1230
1231
1232
1232
1232
1233
1233
1233
1233
1235
1238
1238
1239
1239
1239
1240
1241
1246
1246
1248
1250
1251
1251
1252
1252
1253
1253
1253
1254
1254
1255
1255
1258
1259
1260
1263
1264
1264
1266
1267
1268
1269
1271
1271
1272
1273
1273
1273
1274
1279
1279
1279
1281
1283
1284
1284
1285
1285
1286
1286
1287
1289
1289
1291
1291
1291
1293
1293
1297
1297
1298
1300
1301
1301
1303
1303
1303
1305
1305
1306
1307
1307
1308
1309
1310
1310
1310
1312
1313
1313
1314
1314
1315
1315
1315
1315
1317
1317
1318
1318
1319
1321
1321
1324
1325
1326
1328
1328
1329
1329
1329
1329
1329
1330
1331
1331
1332
1333
1334
1335
1336
1336
1337
1337
1338
1339
1343
1343
1343
1343
1344
1345
1347
1347
1348
1348
1351
1352
1353
1356
1356
1357
1358
1358
1359
1360
1360
1361
1361
1362
1362
1362
1364
1365
1367
1369
1369
1370
1371
1371
1371
1373
1373
1374
1374
1375
1376
1377
1378
1378
1379
1380
1382
1383
1384
1385
1386
1386
1388
1388
1391
1392
1394
1394
1396
1397
1397
1397
1397
1397
1397
1398
1398
1400
1400
1401
1402
1402
1406
1408
1409
1409
1411
1411
1411
1412
1412
1413
1413
1413
1414
1415
1416
1416
1419
1420
1420
1421
1421
1422
1423
1424
1425
1426
1428
1429
1429
1430
1430
1431
1436
1437
1437
1437
1438
1439
1439
1440
1440
1441
1441
1441
1441
1442
1444
1445
1446
1446
1448
1449
1450
1452
1452
1452
1454
1454
1454
1458
1460
1461
1462
1462
1463
1464
1466
1466
1467
1468
1468
1468
1469
1469
1469
1469
1473
1473
1474
1474
1476
1477
1480
1481
1482
1482
1483
1483
1485
1485
1486
1486
1487
1488
1490
1491
1492
1494
1495
1496
1497
1498
1501
1501
1502
1503
1503
1504
1505
1507
1507
1508
1508
1509
1509
1512
1512
1513
1514
1514
1515
1516
1516
1516
1517
1517
1517
1519
1521
1521
1522
1523
1524
1526
1527
1528
1530
1530
1531
1531
1531
1532
1535
1535
1542
1544
1546
1546
1547
1548
1554
1556
1556
1559
1561
1564
1564
1567
1568
1569
1569
1570
1571
1571
1573
1573
1573
1575
1575
1575
1575
1576
1577
1580
1580
1580
1581
1581
1581
1582
1582
1582
1583
1584
1585
1585
1589
1589
1591
1592
1592
1594
1594
1595
1596
1597
1600
1600
1601
1603
1603
1604
1605
1605
1606
1607
1608
1609
1609
1612
1613
1613
1614
1615
1616
1619
1620
1622
1622
1623
1624
1624
1630
1631
1631
1631
1633
1633
1634
1634
1635
1635
1636
1639
1640
1642
1645
1645
1645
1646
1646
1647
1647
1648
1649
1649
1653
1653
1654
1656
1656
1657
1661
1662
1662
1663
1663
1663
1664
1666
1667
1667
1668
1672
1673
1673
1675
1676
1680
1681
1681
1681
1682
1683
1684
1684
1686
1687
1687
1689
1690
1692
1693
1693
1694
1694
1694
1695
1696
1696
1697
1697
1698
1699
1700
1700
1702
1702
1704
1704
1706
1707
1708
1709
1709
1710
1710
1711
1712
1713
1713
1715
1718
1719
1721
1724
1724
1727
1729
1730
1731
1732
1732
1734
1735
1738
1739
1739
1740
1742
1743
1743
1745
1745
1746
1747
1747
1747
1749
1750
1751
1751
1752
1753
1754
1754
1754
1755
1755
1756
1758
1760
1761
1761
1764
1767
1768
1769
1770
1770
1770
1770
1770
1771
1771
1772
1772
1772
1773
1775
1775
1778
1779
1779
1780
1781
1781
1783
1785
1786
1787
1787
1788
1788
1789
1790
1790
1791
1793
1793
1796
1797
1798
1799
1799
1799
1800
1800
1800
1801
1805
1805
1805
1805
1806
1807
1808
1808
1810
1810
1811
1811
1812
1813
1814
1814
1816
1818
1818
1819
1820
1821
1823
1824
1825
1828
1829
1829
1829
1830
1831
1831
1832
1832
1833
1834
1834
1835
1835
1835
1836
1838
1839
1840
1841
1842
1842
1843
1844
1845
1845
1845
1845
1845
1847
1849
1849
1850
1850
1851
1855
1857
1857
1859
1860
1862
1862
1863
1864
1864
1866
1867
1867
1867
1870
1870
1870
1871
1871
1872
1874
1874
1876
1877
1877
1880
1881
1887
1887
1887
1887
1889
1890
1890
1891
1892
1893
1894
1894
1895
1896
1897
1900
1902
1903
1903
1904
1904
1905
1909
1912
1912
1912
1913
1913
1914
1914
1915
1916
1917
1917
1921
1922
1922
1923
1923
1923
1923
1925
1927
1928
1928
1930
1931
1932
1932
1933
1933
1933
1934
1936
1938
1938
1939
1940
1940
1941
1941
1942
1943
1943
1944
1945
1945
1948
1949
1951
1952
1952
1954
1955
1957
1958
1959
1960
1963
1963
1963
1963
1965
1965
1966
1966
1967
1968
1969
1969
1969
1969
1970
1970
1971
1971
1971
1973
1974
1974
1975
1975
1975
1975
1976
1978
1978
1981
1983
1983
1983
1985
1985
1986
1986
1986
1987
1990
1990
1991
1993
1993
1994
1994
1995
1995
1996
1996
1996
1997
1998
1998
1998
2001
2001
2002
2002
2003
2003
2003
2006
2009
2009
2009
2009
2012
2012
2014
2015
2017
2018
2020
2021
2021
2022
2022
2022
2022
2024
2024
2025
2026
2027
2027
2027
2030
2030
2031
2031
2034
2035
2036
2037
2037
2037
2038
2038
2039
2039
2040
2041
2042
2042
2043
2045
2047
2048
2048
2050
2051
2052
2052
2053
2055
2056
2056
2056
2057
2058
2058
2059
2060
2060
2061
2063
2063
2064
2065
2065
2065
2066
2067
2067
2068
2071
2072
2073
2073
2074
2074
2075
2077
2078
2081
2081
2082
2082
2084
2085
2085
2085
2087
2087
2089
2089
2090
2091
2093
2094
2094
2094
2095
2096
2097
2098
2099
2100
2100
2102
2103
2103
2104
2105
2106
2107
2107
2108
2108
2109
2109
2111
2111
2111
2112
2112
2113
2115
2116
2116
2117
2117
2117
2118
2118
2120
2121
2121
2122
2123
2125
2125
2126
2126
2127
2127
2127
2128
2129
2129
2129
2130
2130
2131
2132
2133
2135
2135
2136
2137
2138
2141
2144
2147
2147
2147
2148
2151
2151
2151
2154
2157
2158
2158
2159
2163
2164
2164
2164
2167
2169
2171
2173
2173
2174
2175
2177
2178
2179
2180
2182
2183
2185
2186
2186
2190
2190
2191
2191
2192
2193
2193
2194
2197
2198
2198
2199
2199
2201
2203
2204
2204
2207
2207
2208
2208
2209
2209
2210
2210
2212
2213
2215
2215
2215
2216
2217
2217
2218
2218
2218
2218
2219
2220
2220
2222
2228
2228
2229
2230
2230
2232
2235
2236
2236
2236
2237
2237
2238
2239
2240
2241
2242
2242
2243
2244
2245
2246
2247
2247
2247
2248
2249
2250
2251
2251
2252
2252
2252
2253
2253
2255
2256
2257
2257
2259
2260
2260
2261
2261
2263
2265
2266
2267
2268
2268
2269
2271
2271
2271
2272
2272
2272
2273
2273
2273
2273
2275
2275
2277
2277
2278
2280
2280
2281
2281
2281
2282
2283
2284
2284
2284
2285
2285
2285
2286
2288
2288
2289
2291
2291
2292
2293
2297
2298
2298
2299
2301
2302
2303
2303
2303
2304
2306
2306
2307
2308
2308
2310
2311
2311
2311
2312
2314
2315
2316
2316
2317
2318
2319
2320
2322
2322
2322
2324
2324
2324
2325
2326
2328
2328
2330
2331
2335
2335
2337
2337
2337
2338
2339
2339
2339
2340
2341
2342
2343
2343
2344
2344
2348
2348
2348
2348
2349
2350
2350
2352
2352
2353
2353
2354
2354
2355
2355
2358
2358
2358
2360
2365
2366
2366
2367
2368
2370
2371
2371
2371
2373
2373
2373
2374
2374
2375
2375
2376
2378
2380
2381
2382
2383
2385
2386
2387
2387
2387
2388
2389
2390
2391
2391
2393
2393
2394
2394
2394
2395
2395
2398
2400
2400
2400
2400
2400
2401
2401
2401
2402
2403
2405
2408
2409
2411
2411
2411
2413
2414
2414
2414
2414
2415
2416
2416
2418
2418
2419
2420
2420
2420
2420
2421
2421
2421
2421
2422
2423
2423
2425
2425
2425
2426
2427
2427
2427
2427
2428
2428
2428
2428
2428
2429
2429
2430
2430
2430
2431
2432
2432
2434
2435
2438
2438
2439
2439
2439
2441
2441
2442
2444
2444
2446
2448
2450
2450
2452
2452
2454
2454
2455
2456
2456
2458
2460
2461
2461
2462
2462
2464
2465
2466
2466
2467
2470
2471
2472
2473
2474
2477
2478
2479
2480
2483
2483
2483
2484
2484
2485
2487
2488
2488
2488
2490
2490
2491
2491
2496
2496
2498
2498
2498
2499
2499
2500
2500
2503
2504
2505
2507
2507
2508
2509
2512
2512
2514
2517
2517
2518
2518
2519
2520
2521
2521
2522
2522
2523
2523
2523
2524
2524
2525
2527
2528
2528
2531
2531
2532
2532
2536
2536
2536
2537
2540
2542
2542
2543
2545
2547
2547
2547
2547
2548
2549
2550
2553
2555
2555
2556
2557
2558
2559
2559
2559
2559
2562
2563
2563
2563
2564
2566
2566
2567
2567
2567
2568
2570
2571
2572
2573
2573
2573
2575
2576
2576
2577
2577
2577
2578
2582
2591
2592
2593
2594
2594
2594
2595
2597
2598
2599
2600
2600
2600
2600
2601
2602
2602
2602
2602
2605
2606
2610
2611
2611
2616
2617
2618
2618
2619
2619
2619
2620
2620
2622
2624
2625
2625
2626
2627
2628
2628
2629
2630
2631
2633
2633
2635
2635
2635
2635
2636
2637
2637
2638
2638
2638
2640
2641
2642
2643
2643
2644
2644
2646
2647
2647
2647
2650
2650
2650
2651
2651
2655
2655
2657
2658
2658
2661
2662
2662
2663
2663
2664
2664
2667
2669
2669
2670
2673
2673
2673
2674
2675
2677
2678
2679
2679
2680
2681
2682
2682
2683
2683
2686
2686
2687
2687
2688
2689
2690
2690
2690
2690
2691
2693
2695
2697
2699
2700
2701
2701
2702
2702
2704
2705
2706
2707
2707
2708
2708
2714
2715
2717
2718
2720
2722
2723
2724
2727
2727
2728
2729
2730
2730
2733
2736
2737
2741
2741
2743
2744
2746
2746
2750
2751
2751
2752
2753
2753
2754
2754
2755
2759
2760
2766
2767
2767
2769
2769
2770
2771
2771
2771
2774
2775
2777
2779
2779
2779
2780
2781
2781
2785
2785
2785
2786
2788
2789
2789
2789
2790
2791
2792
2794
2794
2795
2795
2795
2796
2796
2797
2799
2800
2800
2801
2801
2802
2802
2809
2810
2811
2812
2813
2815
2816
2816
2817
2819
2822
2823
2824
2826
2827
2828
2828
2829
2833
2835
2842
2843
2845
2847
2848
2850
2850
2850
2850
2851
2853
2853
2854
2856
2856
2857
2858
2859
2861
2861
2864
2866
2866
2870
2870
2871
2873
2873
2874
2875
2876
2876
2877
2877
2878
2879
2881
2882
2882
2882
2883
2884
2885
2886
2886
2886
2888
2888
2892
2893
2895
2896
2897
2901
2902
2902
2904
2904
2905
2908
2908
2909
2909
2910
2913
2913
2915
2917
2921
2921
2921
2925
2925
2927
2928
2930
2931
2931
2932
2932
2937
2938
2939
2940
2941
2942
2945
2947
2948
2949
2950
2951
2951
2952
2952
2954
2955
2957
2957
2957
2959
2959
2960
2962
2962
2963
2964
2964
2965
2966
2969
2969
2971
2974
2975
2976
2978
2979
2980
2983
2984
2985
2985
2986
2986
2987
2989
2989
2990
2991
2992
2993
2993
2995
2995
3000
3002
3002
3003
3004
3004
3007
3013
3015
3017
3017
3017
3018
3019
3020
3020
3020
3020
3022
3022
3024
3025
3026
3028
3028
3029
3034
3034
3035
3037
3038
3040
3041
3042
3044
3047
3049
3050
3053
3053
3055
3057
3057
3059
3059
3059
3061
3063
3067
3068
3069
3070
3072
3072
3073
3075
3076
3076
3079
3082
3082
3084
3086
3086
3086
3087
3088
3088
3090
3093
3093
3096
3096
3097
3098
3100
3102
3103
3105
3107
3108
3109
3111
3112
3114
3116
3120
3122
3124
3124
3124
3125
3128
3128
3130
3131
3132
3132
3134
3135
3136
3137
3137
3137
3138
3142
3143
3143
3145
3145
3145
3147
3148
3149
3149
3151
3154
3155
3157
3158
3158
3160
3161
3169
3170
3173
3173
3174
3174
3177
3177
3178
3178
3178
3180
3184
3186
3187
3187
3187
3189
3191
3191
3192
3197
3198
3199
3200
3201
3201
3201
3203
3204
3206
3208
3209
3210
3211
3212
3212
3214
3216
3217
3217
3218
3218
3218
3218
3219
3219
3220
3222
3223
3225
3225
3229
3230
3230
3232
3233
3233
3233
3239
3240
3241
3243
3246
3246
3246
3246
3251
3251
3252
3253
3254
3255
3257
3260
3261
3261
3262
3263
3264
3265
3266
3266
3267
3270
3270
3271
3272
3273
3273
3276
3276
3277
3277
3279
3279
3280
3281
3281
3282
3282
3282
3283
3284
3286
3286
3286
3289
3289
3291
3291
3292
3293
3294
3295
3295
3295
3298
3298
3299
3301
3302
3302
3303
3304
3307
3308
3313
3316
3317
3318
3318
3318
3319
3320
3321
3322
3323
3324
3328
3328
3331
3331
3332
3332
3332
3334
3335
3335
3337
3337
3339
3340
3340
3341
3341
3342
3343
3345
3345
3346
3348
3354
3356
3357
3357
3358
3359
3359
3361
3361
3363
3363
3364
3365
3365
3366
3366
3367
3367
3367
3369
3369
3370
3372
3373
3373
3373
3374
3375
3375
3378
3378
3379
3380
3380
3381
3384
3386
3388
3388
3388
3389
3389
3389
3392
3393
3395
3395
3395
3398
3400
3406
3407
3408
3408
3415
3417
3418
3419
3420
3421
3421
3422
3426
3427
3428
3430
3430
3431
3432
3433
3433
3433
3438
3438
3440
3440
3441
3442
3442
3442
3444
3444
3444
3445
3445
3446
3448
3449
3449
3450
3450
3452
3453
3455
3459
3463
3465
3465
3466
3467
3472
3479
3481
3482
3483
3484
3484
3485
3485
3487
3487
3489
3489
3490
3490
3494
3495
3496
3499
3499
3501
3501
3501
3502
3511
3513
3515
3516
3519
3519
3521
3523
3523
3525
3525
3526
3527
3528
3529
3533
3533
3533
3534
3536
3539
3540
3542
3543
3546
3547
3548
3549
3549
3550
3551
3551
3551
3554
3555
3560
3563
3565
3566
3567
3567
3567
3568
3570
3570
3572
3573
3577
3579
3579
3579
3580
3580
3582
3582
3583
3585
3585
3586
3588
3589
3592
3593
3593
3593
3593
3598
3600
3600
3602
3603
3606
3606
3607
3607
3608
3608
3610
3614
3615
3616
3617
3617
3617
3621
3622
3622
3625
3626
3626
3628
3632
3632
3635
3636
3638
3639
3641
3643
3644
3644
3645
3645
3648
3648
3648
3650
3653
3654
3654
3655
3656
3657
3660
3661
3662
3664
3664
3664
3666
3667
3668
3668
3669
3671
3672
3673
3674
3677
3679
3681
3682
3683
3684
3687
3687
3690
3691
3691
3692
3693
3694
3694
3695
3695
3696
3700
3701
3704
3705
3707
3707
3707
3707
3710
3710
3711
3713
3713
3715
3719
3720
3721
3722
3725
3726
3726
3728
3730
3731
3735
3736
3742
3744
3747
3747
3749
3749
3750
3750
3750
3752
3752
3752
3752
3754
3756
3760
3763
3763
3763
3765
3765
3767
3768
3769
3770
3772
3775
3777
3778
3782
3785
3790
3793
3797
3797
3798
3801
3803
3805
3806
3807
3810
3811
3812
3814
3815
3816
3821
3825
3825
3827
3829
3831
3831
3832
3838
3841
3844
3847
3849
3850
3851
3853
3855
3855
3856
3857
3859
3860
3860
3863
3864
3867
3869
3870
3873
3874
3874
3875
3875
3876
3877
3878
3880
3880
3882
3884
3885
3887
3887
3888
3888
3889
3890
3891
3893
3893
3896
3896
3896
3898
3898
3899
3905
3907
3909
3911
3912
3913
3914
3916
3917
3918
3918
3918
3919
3925
3926
3929
3931
3931
3932
3932
3933
3938
3940
3940
3941
3942
3943
3944
3950
3950
3951
3953
3957
3957
3958
3958
3959
3959
3960
3961
3962
3963
3970
3971
3972
3972
3972
3972
3974
3978
3978
3979
3982
3983
3984
3987
3989
3990
3992
3993
3995
3997
3997
3997
3999
3999
3999
4000
4001
4001
4001
4002
4002
4004
4005
4006
4008
4009
4010
4011
4012
4012
4014
4014
4015
4018
4019
4019
4022
4024
4024
4027
4027
4027
4027
4029
4029
4031
4031
4034
4035
4036
4036
4040
4042
4043
4043
4044
4050
4052
4054
4059
4062
4063
4064
4065
4065
4069
4069
4073
4075
4075
4077
4077
4079
4081
4084
4085
4088
4088
4089
4089
4091
4092
4094
4097
4097
4097
4099
4099
4103
4104
4109
4110
4111
4120
4120
4120
4121
4123
4124
4126
4127
4129
4130
4132
4133
4133
4138
4138
4139
4140
4142
4143
4146
4148
4149
4150
4150
4154
4156
4160
4160
4161
4162
4162
4163
4166
4171
4174
4176
4176
4177
4181
4181
4183
4183
4184
4184
4184
4185
4185
4186
4187
4190
4191
4197
4199
4199
4200
4201
4203
4204
4205
4209
4211
4213
4214
4214
4223
4225
4228
4228
4229
4232
4237
4238
4242
4244
4248
4248
4249
4249
4255
4260
4261
4262
4262
4262
4264
4264
4265
4270
4271
4277
4278
4279
4280
4280
4281
4281
4282
4283
4283
4284
4284
4287
4290
4296
4299
4302
4305
4308
4309
4311
4315
4316
4316
4318
4318
4318
4318
4319
4327
4328
4330
4331
4331
4332
4332
4333
4335
4339
4341
4341
4342
4343
4345
4346
4351
4352
4353
4355
4356
4357
4358
4359
4359
4359
4359
4359
4366
4367
4368
4369
4371
4372
4374
4376
4376
4379
4383
4384
4386
4388
4388
4388
4388
4389
4393
4398
4403
4403
4404
4406
4407
4407
4408
4411
4412
4415
4418
4419
4420
4420
4421
4423
4423
4423
4425
4426
4426
4429
4430
4431
4432
4433
4433
4434
4434
4438
4439
4447
4448
4450
4450
4451
4452
4452
4456
4457
4458
4460
4460
4463
4465
4469
4469
4471
4472
4472
4473
4474
4478
4479
4484
4485
4488
4490
4494
4495
4500
4501
4503
4505
4505
4505
4507
4507
4509
4510
4515
4515
4515
4516
4518
4518
4519
4519
4521
4522
4523
4523
4524
4526
4526
4528
4534
4536
4536
4537
4538
4538
4540
4543
4544
4544
4551
4555
4556
4559
4561
4561
4562
4563
4564
4569
4571
4571
4571
4572
4573
4575
4576
4579
4580
4584
4584
4589
4591
4597
4599
4600
4600
4602
4605
4606
4607
4609
4609
4609
4610
4611
4611
4617
4617
4618
4620
4622
4622
4624
4626
4627
4627
4629
4629
4629
4630
4631
4633
4640
4642
4644
4645
4646
4646
4649
4650
4655
4655
4660
4664
4666
4668
4672
4673
4676
4676
4676
4680
4680
4680
4681
4682
4682
4682
4684
4689
4690
4691
4695
4696
4696
4698
4698
4700
4702
4703
4704
4704
4705
4707
4709
4711
4713
4714
4714
4717
4718
4720
4721
4721
4728
4728
4730
4732
4733
4736
4738
4738
4743
4744
4748
4749
4750
4750
4750
4751
4755
4757
4758
4761
4763
4763
4766
4768
4768
4770
4771
4771
4772
4772
4774
4775
4777
4779
4779
4782
4782
4782
4783
4788
4788
4789
4791
4791
4795
4797
4804
4806
4806
4809
4811
4815
4816
4819
4819
4821
4824
4827
4830
4832
4833
4834
4838
4839
4840
4840
4840
4840
4841
4841
4844
4845
4845
4846
4849
4851
4851
4853
4853
4853
4854
4857
4858
4859
4860
4861
4862
4862
4863
4863
4863
4865
4865
4872
4877
4877
4878
4878
4878
4878
4882
4883
4883
4883
4885
4886
4890
4893
4895
4901
4902
4902
4903
4904
4904
4907
4907
4909
4910
4911
4912
4912
4913
4915
4915
4915
4916
4916
4918
4919
4920
4921
4924
4925
4926
4926
4926
4933
4934
4935
4935
4936
4936
4937
4937
4938
4938
4939
4939
4944
4945
4948
4948
4949
4953
4954
4955
4957
4958
4958
4960
4960
4966
4973
4976
4977
4978
4979
4980
4985
4985
4986
4990
4990
4990
4993
4994
4994
4994
4997
4999
5003
5003
5010
5010
5011
5012
5012
5013
5015
5017
5020
5020
5023
5024
5025
5025
5028
5028
5030
5035
5035
5036
5037
5037
5038
5039
5041
5042
5043
5046
5048
5050
5050
5051
5051
5053
5055
5062
5064
5065
5065
5066
5067
5067
5068
5069
5069
5070
5071
5073
5079
5082
5084
5084
5091
5093
5093
5093
5094
5096
5097
5098
5104
5105
5105
5108
5111
5115
5117
5119
5120
5122
5123
5125
5128
5129
5130
5130
5133
5133
5134
5138
5140
5140
5140
5142
5142
5143
5144
5145
5149
5150
5152
5153
5154
5156
5158
5159
5161
5165
5167
5168
5170
5173
5173
5175
5179
5180
5180
5186
5188
5190
5191
5195
5195
5197
5201
5202
5204
5204
5209
5210
5211
5211
5212
5214
5219
5219
5220
5220
5221
5225
5226
5229
5231
5232
5233
5235
5238
5238
5239
5242
5243
5245
5248
5253
5253
5255
5257
5257
5258
5262
5262
5264
5264
5265
5266
5267
5267
5270
5271
5272
5277
5277
5278
5278
5279
5283
5283
5287
5290
5292
5293
5294
5294
5295
5297
5297
5300
5302
5305
5311
5311
5312
5312
5313
5314
5314
5318
5321
5322
5325
5327
5328
5336
5337
5340
5341
5341
5343
5344
5347
5349
5349
5350
5357
5357
5359
5360
5367
5368
5368
5370
5371
5372
5374
5375
5375
5384
5389
5390
5390
5393
5394
5399
5400
5402
5404
5413
5413
5413
5414
5416
5418
5426
5426
5428
5428
5428
5429
5430
5431
5432
5432
5435
5437
5438
5440
5441
5443
5444
5446
5449
5454
5457
5460
5461
5461
5463
5464
5464
5465
5465
5467
5468
5468
5469
5469
5469
5469
5472
5472
5475
5480
5481
5484
5485
5485
5487
5491
5491
5497
5501
5501
5501
5502
5502
5506
5506
5508
5510
5515
5519
5519
5520
5525
5527
5528
5531
5532
5534
5535
5536
5536
5536
5537
5538
5540
5543
5544
5544
5545
5546
5551
5554
5560
5560
5561
5562
5564
5564
5568
5569
5573
5578
5578
5579
5581
5582
5587
5588
5588
5589
5591
5591
5595
5598
5600
5600
5601
5601
5604
5608
5608
5609
5616
5619
5619
5620
5622
5623
5623
5626
5629
5634
5636
5638
5639
5640
5643
5646
5647
5647
5647
5652
5660
5660
5660
5661
5662
5665
5670
5670
5672
5674
5677
5678
5678
5679
5683
5683
5685
5692
5693
5698
5701
5701
5706
5709
5712
5713
5716
5717
5719
5720
5722
5722
5722
5725
5726
5727
5728
5728
5729
5738
5740
5742
5743
5744
5745
5753
5753
5756
5758
5759
5760
5761
5761
5763
5776
5777
5778
5779
5780
5781
5783
5783
5786
5792
5792
5793
5794
5794
5798
5799
5799
5800
5801
5805
5806
5809
5810
5813
5817
5817
5818
5818
5819
5821
5828
5829
5829
5837
5838
5839
5842
5844
5847
5848
5850
5852
5853
5856
5858
5859
5861
5863
5864
5867
5868
5869
5872
5872
5873
5877
5883
5883
5888
5892
5894
5895
5896
5897
5898
5898
5898
5899
5899
5900
5911
5911
5912
5914
5917
5919
5920
5922
5923
5925
5928
5933
5933
5934
5936
5936
5941
5943
5943
5944
5945
5946
5949
5950
5951
5954
5955
5955
5958
5959
5962
5965
5965
5967
5968
5972
5976
5976
5977
5978
5979
5981
5984
5984
5985
5985
5986
5986
5988
5991
5992
5995
5997
6004
6007
6007
6011
6013
6013
6013
6022
6023
6028
6028
6028
6029
6030
6036
6037
6038
6050
6051
6054
6054
6057
6061
6061
6062
6064
6066
6066
6071
6072
6073
6075
6075
6077
6079
6079
6080
6082
6083
6083
6085
6090
6092
6095
6096
6097
6097
6098
6098
6102
6105
6105
6105
6106
6107
6107
6108
6109
6111
6116
6117
6117
6121
6122
6126
6128
6129
6130
6136
6139
6140
6146
6148
6148
6152
6155
6156
6160
6162
6165
6166
6166
6169
6169
6173
6175
6177
6177
6179
6181
6184
6186
6186
6187
6189
6192
6192
6196
6198
6199
6203
6210
6210
6215
6215
6216
6218
6219
6221
6221
6223
6225
6227
6230
6232
6232
6232
6235
6235
6239
6240
6241
6243
6243
6243
6244
6245
6250
6250
6251
6252
6253
6254
6255
6255
6259
6261
6263
6265
6267
6267
6270
6270
6271
6271
6273
6274
6276
6278
6280
6284
6285
6285
6286
6286
6286
6292
6292
6293
6293
6297
6297
6301
6311
6311
6312
6314
6314
6316
6321
6323
6323
6325
6328
6329
6332
6336
6339
6342
6342
6343
6343
6344
6347
6349
6352
6354
6356
6357
6357
6358
6361
6361
6362
6362
6362
6364
6368
6373
6377
6378
6379
6380
6381
6381
6381
6381
6382
6383
6383
6385
6388
6389
6391
6394
6394
6398
6398
6398
6402
6403
6409
6409
6411
6413
6418
6419
6429
6430
6432
6434
6437
6438
6438
6439
6440
6441
6442
6446
6446
6447
6448
6455
6458
6461
6464
6465
6468
6469
6471
6473
6475
6476
6478
6478
6479
6480
6482
6485
6485
6486
6490
6490
6491
6493
6497
6497
6499
6504
6504
6505
6505
6511
6511
6513
6516
6521
6526
6526
6527
6528
6532
6533
6534
6535
6535
6537
6544
6544
6545
6546
6547
6548
6553
6554
6558
6558
6568
6569
6569
6572
6572
6575
6577
6578
6578
6582
6589
6597
6598
6600
6600
6602
6602
6603
6607
6610
6614
6615
6616
6621
6621
6622
6624
6624
6625
6627
6628
6629
6634
6638
6640
6641
6642
6643
6645
6648
6649
6655
6656
6659
6661
6662
6667
6667
6667
6671
6671
6672
6674
6674
6676
6686
6689
6692
6692
6692
6692
6694
6695
6695
6698
6698
6699
6700
6700
6702
6702
6703
6703
6704
6707
6707
6707
6708
6711
6713
6716
6719
6722
6723
6728
6730
6730
6731
6733
6736
6738
6742
6745
6746
6746
6748
6750
6753
6754
6754
6756
6757
6757
6759
6759
6760
6762
6762
6766
6766
6767
6767
6767
6771
6778
6778
6779
6779
6782
6784
6786
6788
6788
6790
6795
6795
6796
6798
6799
6806
6806
6812
6815
6815
6816
6817
6826
6826
6829
6832
6832
6833
6833
6835
6835
6837
6839
6843
6844
6845
6846
6848
6853
6855
6858
6859
6859
6859
6861
6862
6863
6866
6867
6869
6873
6876
6879
6880
6882
6882
6883
6888
6888
6891
6894
6895
6896
6898
6900
6905
6907
6910
6911
6911
6917
6923
6925
6925
6927
6933
6935
6938
6938
6938
6939
6941
6943
6944
6945
6945
6954
6956
6957
6957
6958
6959
6959
6964
6965
6967
6968
6969
6969
6971
6971
6971
6973
6975
6977
6977
6978
6980
6981
6982
6985
6986
6989
6990
6994
6994
6995
7001
7003
7004
7004
7004
7004
7005
7006
7016
7022
7026
7027
7027
7029
7032
7033
7033
7035
7036
7036
7040
7041
7042
7045
7046
7048
7048
7048
7048
7048
7052
7068
7068
7071
7075
7076
7077
7079
7079
7079
7080
7083
7084
7087
7090
7092
7093
7094
7094
7097
7104
7105
7108
7108
7109
7114
7116
7118
7122
7122
7124
7124
7125
7130
7132
7133
7134
7136
7142
7143
7143
7144
7144
7144
7149
7149
7153
7153
7155
7155
7155
7157
7157
7163
7166
7169
7171
7171
7172
7175
7176
7180
7181
7183
7183
7184
7185
7187
7189
7191
7192
7196
7197
7202
7203
7204
7207
7209
7211
7211
7211
7214
7215
7216
7218
7219
7223
7228
7229
7229
7229
7232
7233
7234
7234
7237
7238
7241
7243
7244
7245
7248
7249
7249
7251
7256
7258
7263
7266
7270
7271
7272
7273
7275
7276
7282
7283
7283
7285
7286
7288
7290
7292
7293
7294
7298
7298
7301
7301
7305
7305
7308
7310
7317
7317
7318
7320
7320
7321
7321
7321
7327
7327
7328
7332
7332
7334
7335
7336
7337
7348
7351
7351
7352
7353
7356
7358
7359
7360
7360
7366
7368
7371
7371
7377
7378
7378
7379
7386
7387
7388
7393
7393
7394
7395
7397
7404
7407
7407
7408
7409
7411
7414
7415
7418
7420
7421
7421
7426
7427
7427
7427
7429
7434
7437
7438
7439
7448
7452
7452
7454
7456
7462
7467
7468
7469
7469
7469
7470
7471
7473
7474
7477
7479
7479
7481
7485
7486
7493
7494
7497
7501
7506
7506
7508
7517
7518
7520
7520
7522
7526
7527
7527
7529
7530
7532
7533
7534
7534
7535
7535
7535
7538
7539
7540
7540
7540
7542
7542
7544
7545
7547
7549
7549
7551
7553
7555
7561
7563
7565
7568
7569
7569
7571
7571
7573
7577
7582
7583
7589
7591
7591
7594
7595
7596
7599
7600
7600
7600
7601
7603
7603
7604
7604
7607
7607
7607
7617
7617
7621
7625
7625
7628
7634
7643
7644
7645
7646
7647
7647
7647
7649
7649
7649
7651
7654
7656
7657
7665
7668
7670
7670
7671
7673
7677
7678
7678
7680
7680
7680
7681
7681
7681
7683
7683
7685
7686
7686
7686
7692
7692
7694
7697
7700
7701
7704
7712
7713
7716
7716
7717
7717
7717
7722
7726
7726
7728
7728
7729
7730
7730
7730
7735
7735
7736
7737
7740
7740
7745
7746
7748
7748
7749
7752
7753
7754
7755
7756
7757
7765
7765
7767
7769
7770
7771
7771
7772
7778
7780
7781
7781
7783
7790
7791
7792
7794
7798
7799
7799
7800
7803
7805
7808
7810
7810
7811
7812
7812
7813
7817
7822
7823
7825
7829
7829
7834
7837
7839
7841
7841
7842
7843
7843
7844
7844
7852
7853
7854
7854
7854
7857
7857
7858
7859
7861
7867
7868
7869
7869
7874
7874
7877
7877
7884
7887
7887
7887
7889
7890
7893
7894
7899
7899
7902
7906
7906
7908
7913
7913
7913
7917
7918
7920
7923
7925
7926
7928
7930
7930
7933
7935
7946
7948
7949
7952
7954
7954
7954
7963
7966
7968
7971
7971
7977
7981
7985
7989
7993
7995
7998
7999
8005
8006
8006
8006
8012
8018
8021
8023
8029
8030
8031
8036
8038
8038
8040
8040
8042
8044
8050
8050
8051
8052
8052
8054
8056
8058
8060
8063
8064
8066
8068
8070
8071
8073
8073
8074
8075
8077
8079
8081
8084
8084
8085
8090
8097
8099
8100
8103
8104
8107
8112
8115
8115
8122
8126
8127
8128
8129
8129
8129
8129
8129
8129
8131
8132
8132
8133
8134
8135
8141
8142
8146
8146
8147
8148
8151
8157
8160
8161
8163
8166
8166
8167
8172
8174
8178
8179
8188
8190
8194
8195
8196
8197
8200
8201
8202
8206
8210
8211
8213
8215
8218
8218
8221
8224
8229
8235
8236
8236
8236
8244
8245
8246
8247
8248
8253
8256
8257
8258
8258
8263
8264
8267
8268
8268
8269
8271
8275
8278
8280
8281
8283
8284
8285
8286
8291
8292
8293
8295
8299
8299
8299
8304
8306
8307
8307
8309
8310
8310
8311
8312
8315
8316
8321
8324
8326
8326
8329
8331
8331
8331
8331
8332
8336
8337
8339
8340
8340
8341
8345
8347
8348
8348
8349
8350
8350
8351
8354
8354
8358
8366
8370
8371
8373
8374
8377
8379
8380
8383
8385
8385
8388
8390
8396
8398
8402
8403
8403
8411
8413
8415
8417
8417
8419
8423
8423
8426
8428
8431
8433
8436
8437
8437
8440
8442
8444
8447
8452
8461
8467
8471
8472
8474
8477
8477
8480
8482
8483
8484
8484
8487
8488
8490
8492
8498
8503
8505
8507
8509
8509
8510
8511
8512
8522
8523
8525
8532
8532
8532
8534
8535
8536
8536
8542
8544
8550
8551
8554
8555
8559
8562
8563
8563
8564
8568
8571
8573
8577
8583
8584
8588
8590
8592
8594
8596
8597
8597
8600
8603
8604
8607
8608
8608
8608
8610
8612
8614
8615
8620
8620
8621
8624
8625
8628
8631
8632
8636
8636
8637
8637
8645
8647
8653
8653
8654
8656
8656
8657
8661
8664
8665
8667
8669
8670
8673
8675
8679
8684
8685
8688
8689
8691
8694
8697
8699
8700
8700
8700
8710
8715
8717
8717
8718
8720
8724
8725
8732
8739
8740
8745
8747
8748
8748
8748
8752
8754
8754
8759
8761
8762
8765
8767
8767
8767
8771
8780
8780
8781
8781
8782
8782
8785
8787
8801
8802
8802
8805
8805
8805
8807
8808
8809
8809
8814
8819
8820
8828
8835
8837
8839
8845
8849
8851
8854
8857
8858
8859
8860
8861
8863
8863
8864
8866
8867
8869
8877
8878
8879
8880
8882
8883
8886
8888
8890
8890
8892
8893
8894
8898
8902
8905
8906
8911
8913
8913
8914
8916
8920
8922
8924
8926
8929
8931
8931
8934
8936
8936
8939
8940
8943
8945
8946
8947
8948
8951
8955
8960
8960
8963
8968
8968
8969
8973
8974
8974
8975
8977
8982
8983
8984
8985
8990
8994
8994
9000
9000
9005
9008
9010
9011
9013
9014
9014
9014
9015
9019
9025
9026
9032
9032
9037
9038
9038
9042
9042
9046
9047
9049
9051
9052
9056
9059
9060
9061
9063
9064
9065
9067
9069
9069
9071
9073
9075
9082
9083
9084
9084
9085
9085
9085
9086
9090
9091
9091
9091
9095
9098
9100
9101
9110
9115
9117
9118
9119
9122
9125
9125
9131
9134
9136
9137
9141
9142
9146
9147
9149
9150
9154
9156
9163
9164
9164
9166
9172
9173
9174
9174
9178
9179
9184
9185
9187
9188
9189
9189
9192
9195
9202
9204
9206
9208
9215
9216
9218
9220
9221
9222
9225
9227
9233
9233
9236
9237
9241
9241
9244
9247
9250
9250
9252
9259
9265
9267
9270
9270
9271
9278
9281
9283
9286
9286
9289
9290
9291
9292
9294
9297
9303
9304
9304
9304
9304
9306
9309
9310
9310
9313
9314
9322
9323
9323
9323
9326
9326
9334
9338
9338
9338
9341
9342
9345
9354
9355
9361
9366
9375
9378
9386
9386
9398
9400
9400
9403
9406
9407
9408
9409
9409
9412
9413
9420
9421
9421
9423
9424
9425
9428
9428
9429
9436
9437
9443
9446
9447
9447
9448
9451
9453
9453
9455
9457
9460
9463
9463
9466
9466
9468
9470
9472
9472
9474
9475
9476
9477
9478
9481
9486
9488
9493
9494
9494
9496
9496
9499
9500
9502
9502
9506
9507
9508
9508
9512
9513
9514
9516
9516
9518
9521
9525
9526
9526
9532
9532
9532
9535
9535
9538
9540
9540
9542
9547
9554
9556
9557
9558
9559
9559
9559
9561
9565
9567
9568
9572
9578
9579
9579
9583
9583
9586
9586
9594
9594
9595
9595
9602
9605
9608
9617
9618
9621
9622
9624
9628
9630
9631
9635
9638
9638
9639
9650
9651
9652
9654
9658
9659
9663
9674
9677
9686
9691
9693
9693
9694
9700
9703
9710
9711
9715
9717
9726
9727
9727
9730
9730
9730
9730
9731
9732
9732
9732
9734
9742
9742
9743
9744
9750
9751
9751
9754
9755
9757
9762
9768
9770
9771
9773
9775
9775
9777
9779
9784
9785
9796
9798
9798
9800
9800
9805
9805
9806
9806
9811
9813
9820
9823
9824
9825
9827
9827
9831
9841
9848
9848
9850
9851
9852
9855
9856
9859
9861
9866
9868
9873
9875
9876
9876
9877
9878
9879
9883
9889
9889
9891
9892
9892
9893
9894
9896
9897
9898
9899
9899
9899
9901
9903
9903
9903
9904
9906
9907
9910
9913
9919
9924
9931
9933
9936
9936
9937
9944
9948
9952
9953
9954
9955
9956
9956
9957
9959
9961
9964
9968
9969
9972
9973
9973
9974
9976
9979
9983
9987
9987
9991
9995
9995
9995
9996
9999
10001
10004
10004
10008
10011
10014
10014
10015
10016
10016
10016
10025
10026
10032
10035
10036
10038
10038
10047
10047
10051
10052
10056
10057
10064
10065
10066
10066
10067
10069
10071
10074
10078
10085
10086
10087
10090
10090
10103
10104
10105
10107
10110
10118
10120
10124
10129
10132
10133
10136
10140
10144
10148
10149
10150
10154
10160
10164
10167
10171
10173
10177
10177
10178
10179
10183
10183
10185
10187
10187
10194
10202
10202
10203
10214
10221
10221
10222
10224
10225
10227
10231
10235
10235
10236
10239
10239
10241
10243
10244
10245
10245
10245
10249
10249
10258
10259
10259
10260
10266
10271
10273
10274
10280
10281
10285
10288
10290
10292
10295
10296
10296
10301
10304
10307
10309
10309
10311
10312
10314
10316
10318
10319
10320
10321
10325
10327
10331
10332
10335
10338
10339
10341
10342
10343
10345
10350
10351
10354
10363
10365
10366
10366
10368
10370
10371
10371
10372
10378
10380
10381
10385
10387
10389
10391
10395
10400
10402
10402
10410
10411
10412
10417
10418
10422
10423
10437
10443
10444
10446
10446
10447
10452
10452
10459
10468
10470
10472
10473
10473
10474
10475
10475
10477
10478
10478
10490
10498
10498
10501
10510
10517
10517
10523
10524
10525
10526
10526
10528
10530
10531
10541
10542
10543
10546
10550
10553
10566
10566
10569
10569
10570
10571
10572
10572
10576
10576
10576
10578
10579
10581
10583
10584
10584
10585
10589
10590
10592
10592
10593
10594
10594
10595
10597
10600
10600
10601
10604
10604
10604
10607
10613
10614
10618
10623
10630
10630
10635
10635
10636
10636
10636
10645
10651
10653
10655
10655
10657
10657
10659
10664
10665
10665
10667
10669
10675
10678
10679
10680
10680
10682
10683
10684
10684
10688
10693
10695
10698
10703
10711
10714
10716
10717
10718
10721
10725
10726
10730
10732
10735
10735
10737
10740
10742
10743
10746
10758
10762
10763
10771
10775
10776
10776
10780
10784
10786
10786
10789
10789
10790
10795
10798
10800
10808
10808
10809
10811
10811
10814
10821
10824
10825
10828
10834
10837
10843
10849
10854
10864
10881
10889
10892
10892
10893
10893
10894
10896
10903
10905
10905
10907
10910
10911
10911
10911
10912
10913
10919
10921
10921
10926
10927
10927
10929
10933
10939
10946
10947
10948
10950
10952
10958
10959
10962
10963
10963
10965
10965
10967
10969
10972
10975
10980
10980
10981
10983
10986
10986
10988
10991
10999
11000
11000
11007
11008
11013
11015
11015
11015
11017
11019
11020
11020
11026
11026
11027
11031
11032
11033
11034
11037
11038
11043
11044
11045
11046
11046
11049
11056
11062
11065
11071
11075
11083
11087
11096
11096
11097
11098
11100
11101
11102
11102
11115
11115
11117
11117
11121
11122
11129
11130
11130
11134
11135
11140
11158
11168
11170
11178
11184
11186
11187
11190
11190
11193
11194
11197
11201
11203
11205
11205
11207
11217
11218
11222
11223
11223
11236
11237
11238
11242
11244
11244
11244
11245
11250
11252
11254
11256
11260
11270
11273
11279
11281
11282
11282
11284
11288
11290
11295
11297
11301
11307
11311
11316
11319
11324
11327
11327
11328
11332
11341
11344
11347
11350
11354
11354
11356
11359
11360
11364
11365
11366
11372
11375
11378
11382
11383
11386
11388
11389
11394
11395
11398
11399
11401
11402
11403
11411
11412
11415
11418
11419
11420
11421
11424
11427
11430
11432
11442
11442
11443
11447
11449
11452
11458
11460
11460
11463
11463
11463
11464
11468
11472
11472
11476
11478
11482
11484
11485
11489
11492
11493
11494
11496
11497
11498
11498
11500
11502
11504
11508
11515
11520
11522
11522
11523
11526
11527
11528
11531
11540
11542
11546
11547
11550
11551
11552
11556
11558
11558
11561
11562
11563
11564
11570
11571
11573
11579
11580
11585
11586
11589
11591
11599
11602
11603
11605
11608
11614
11615
11616
11617
11619
11621
11622
11626
11629
11630
11636
11636
11636
11637
11643
11646
11650
11659
11663
11668
11671
11672
11674
11678
11680
11681
11686
11687
11690
11691
11693
11695
11700
11702
11703
11704
11709
11711
11714
11714
11716
11724
11726
11733
11739
11739
11744
11749
11751
11751
11764
11765
11766
11768
11771
11775
11776
11787
11789
11789
11795
11804
11806
11808
11812
11818
11820
11822
11825
11826
11828
11829
11830
11834
11835
11836
11836
11840
11842
11842
11843
11845
11846
11846
11847
11849
11854
11855
11856
11857
11860
11863
11863
11867
11868
11871
11872
11873
11874
11880
11883
11884
11886
11889
11889
11893
11899
11900
11906
11908
11915
11918
11922
11930
11931
11937
11939
11944
11944
11950
11951
11956
11971
11972
11981
11982
11987
11991
11992
11992
12003
12007
12010
12014
12015
12015
12024
12029
12031
12034
12036
12039
12039
12046
12047
12058
12060
12066
12068
12073
12073
12078
12083
12083
12083
12090
12092
12095
12095
12099
12100
12100
12101
12105
12108
12109
12109
12111
12114
12123
12127
12127
12131
12146
12146
12149
12154
12155
12159
12165
12166
12170
12172
12174
12179
12180
12180
12181
12186
12186
12188
12190
12197
12199
12212
12216
12219
12223
12229
12237
12239
12241
12242
12243
12247
12248
12249
12250
12250
12251
12256
12257
12257
12260
12264
12265
12266
12268
12271
12272
12275
12277
12279
12283
12298
12299
12302
12308
12311
12313
12314
12315
12324
12327
12327
12329
12331
12334
12337
12337
12339
12347
12360
12363
12367
12376
12385
12390
12397
12397
12401
12402
12402
12406
12407
12409
12411
12414
12417
12424
12428
12430
12432
12440
12441
12442
12448
12453
12455
12456
12457
12464
12465
12468
12477
12480
12482
12485
12489
12494
12495
12495
12496
12501
12504
12507
12516
12516
12517
12518
12518
12519
12529
12533
12535
12545
12545
12545
12547
12551
12553
12558
12562
12568
12588
12590
12594
12596
12598
12599
12600
12601
12620
12625
12630
12631
12631
12634
12637
12637
12639
12639
12645
12650
12651
12651
12659
12667
12667
12679
12682
12686
12689
12689
12690
12699
12701
12702
12705
12710
12711
12716
12725
12728
12728
12729
12738
12739
12740
12747
12753
12758
12763
12767
12770
12778
12779
12784
12784
12793
12796
12800
12800
12801
12802
12816
12818
12819
12820
12825
12828
12837
12838
12840
12842
12844
12845
12847
12851
12861
12863
12870
12875
12876
12877
12881
12886
12888
12888
12891
12893
12893
12898
12904
12908
12913
12917
12917
12920
12921
12921
12924
12925
12932
12932
12935
12935
12936
12939
12941
12947
12959
12962
12963
12965
12969
12972
12973
12976
12985
12989
12992
12996
12997
12997
12997
13001
13003
13005
13006
13009
13010
13013
13015
13016
13017
13036
13039
13040
13043
13044
13051
13052
13053
13054
13054
13055
13056
13063
13063
13064
13073
13074
13080
13087
13088
13089
13096
13097
13097
13108
13119
13119
13123
13125
13128
13128
13129
13139
13142
13146
13149
13151
13152
13155
13156
13163
13164
13168
13170
13171
13172
13174
13180
13181
13182
13188
13192
13197
13197
13198
13208
13208
13210
13211
13212
13223
13224
13224
13227
13240
13243
13246
13249
13252
13254
13256
13257
13257
13259
13261
13262
13266
13268
13270
13271
13271
13273
13274
13274
13275
13277
13279
13279
13285
13287
13289
13291
13292
13293
13306
13308
13310
13314
13315
13317
13317
13320
13321
13321
13322
13323
13329
13331
13331
13341
13347
13349
13350
13354
13354
13363
13364
13366
13367
13368
13369
13377
13380
13381
13395
13402
13403
13417
13418
13422
13425
13428
13429
13430
13432
13435
13440
13442
13443
13448
13451
13454
13459
13462
13465
13467
13468
13475
13483
13486
13499
13503
13513
13518
13526
13531
13534
13535
13538
13539
13541
13541
13556
13558
13564
13565
13568
13569
13570
13572
13588
13595
13599
13604
13606
13607
13607
13608
13610
13623
13624
13630
13631
13634
13637
13648
13649
13649
13650
13652
13657
13659
13661
13667
13669
13671
13672
13682
13684
13688
13689
13696
13697
13702
13703
13710
13711
13714
13715
13716
13717
13725
13729
13729
13729
13732
13732
13741
13749
13751
13751
13756
13757
13759
13763
13766
13767
13769
13770
13770
13773
13787
13789
13792
13794
13795
13795
13799
13801
13802
13808
13809
13810
13815
13817
13819
13826
13831
13837
13842
13845
13847
13859
13859
13862
13863
13863
13870
13871
13876
13881
13882
13884
13885
13888
13890
13893
13899
13900
13900
13905
13913
13922
13925
13925
13926
13926
13939
13941
13943
13949
13949
13954
13958
13958
13972
13972
13976
13978
13987
13988
13989
13989
13990
13992
13996
13996
14001
14002
14004
14011
14014
14017
14018
14019
14020
14026
14028
14030
14032
14033
14033
14036
14042
14052
14054
14055
14059
14059
14064
14075
14077
14078
14078
14078
14079
14081
14090
14090
14094
14095
14100
14101
14111
14116
14116
14118
14119
14126
14126
14131
14134
14153
14153
14153
14154
14155
14157
14169
14170
14170
14176
14178
14185
14190
14199
14203
14209
14213
14218
14231
14232
14234
14234
14236
14236
14243
14243
14243
14244
14249
14250
14254
14257
14257
14262
14264
14267
14267
14269
14270
14289
14290
14295
14295
14299
14301
14307
14312
14317
14318
14318
14322
14324
14334
14337
14344
14345
14356
14358
14374
14378
14382
14400
14404
14405
14408
14422
14427
14429
14430
14432
14432
14436
14440
14444
14445
14452
14455
14462
14463
14466
14475
14482
14485
14488
14490
14496
14496
14497
14499
14504
14504
14507
14517
14526
14530
14531
14532
14532
14540
14542
14553
14555
14556
14558
14561
14569
14570
14576
14582
14585
14587
14594
14597
14599
14604
14608
14608
14617
14617
14617
14617
14620
14622
14625
14626
14631
14635
14642
14643
14647
14657
14661
14667
14667
14667
14678
14681
14689
14700
14708
14709
14715
14720
14720
14732
14736
14736
14738
14742
14750
14763
14765
14766
14769
14769
14771
14773
14775
14777
14778
14780
14784
14785
14787
14790
14792
14792
14797
14799
14802
14802
14804
14808
14817
14820
14824
14827
14834
14836
14838
14840
14845
14847
14848
14850
14857
14859
14859
14863
14864
14865
14876
14877
14879
14879
14879
14882
14891
14909
14909
14910
14912
14914
14918
14920
14922
14922
14931
14935
14941
14944
14955
14957
14957
14958
14968
14975
14976
14985
14989
14990
14991
14997
14999
14999
15003
15004
15007
15008
15015
15016
15017
15018
15035
15037
15037
15038
15040
15040
15050
15051
15055
15056
15059
15059
15069
15071
15074
15081
15088
15096
15101
15102
15104
15104
15105
15108
15115
15122
15126
15130
15133
15136
15142
15144
15153
15155
15159
15165
15168
15171
15179
15184
15185
15189
15190
15190
15194
15194
15197
15199
15204
15207
15210
15214
15217
15220
15221
15223
15228
15231
15233
15238
15241
15241
15245
15246
15256
15260
15262
15270
15274
15284
15285
15286
15289
15291
15292
15293
15301
15318
15322
15322
15326
15334
15338
15341
15347
15354
15356
15360
15363
15364
15375
15381
15381
15382
15387
15390
15390
15390
15391
15395
15402
15403
15405
15407
15409
15409
15414
15428
15431
15432
15434
15436
15436
15444
15448
15448
15448
15450
15460
15463
15464
15479
15481
15483
15484
15485
15486
15488
15502
15508
15513
15515
15520
15525
15528
15528
15530
15534
15534
15536
15539
15541
15548
15551
15573
15577
15584
15587
15588
15593
15595
15601
15617
15625
15631
15637
15637
15637
15644
15647
15650
15657
15657
15658
15659
15660
15661
15674
15674
15684
15684
15690
15698
15700
15707
15709
15712
15713
15714
15717
15722
15729
15734
15737
15737
15738
15741
15745
15745
15753
15755
15756
15756
15758
15772
15775
15777
15779
15794
15796
15796
15799
15804
15804
15805
15809
15815
15818
15819
15820
15823
15825
15834
15836
15840
15843
15854
15854
15857
15860
15861
15863
15865
15879
15894
15895
15901
15902
15905
15906
15907
15913
15913
15917
15917
15917
15931
15935
15941
15941
15965
15966
15969
15977
15981
15982
15986
15988
15989
15997
16009
16013
16016
16018
16023
16025
16026
16029
16031
16057
16066
16067
16069
16085
16099
16103
16110
16125
16127
16132
16138
16138
16142
16143
16143
16148
16149
16154
16156
16158
16163
16164
16167
16176
16177
16179
16182
16185
16193
16203
16209
16210
16214
16218
16222
16229
16245
16246
16248
16249
16259
16263
16264
16274
16275
16276
16282
16283
16291
16292
16302
16303
16303
16306
16311
16316
16319
16321
16321
16322
16343
16343
16346
16346
16346
16352
16353
16353
16362
16371
16376
16383
16394
16405
16412
16416
16419
16420
16428
16433
16433
16434
16437
16453
16454
16455
16456
16460
16461
16464
16469
16473
16477
16482
16482
16487
16489
16495
16500
16514
16517
16517
16530
16539
16546
16551
16553
16567
16571
16571
16582
16582
16583
16588
16598
16602
16604
16613
16619
16621
16629
16631
16634
16636
16638
16641
16645
16651
16658
16662
16663
16664
16676
16681
16682
16687
16694
16703
16703
16713
16716
16721
16723
16726
16728
16743
16749
16759
16767
16771
16779
16781
16782
16788
16789
16791
16800
16802
16809
16811
16815
16834
16838
16844
16848
16849
16849
16850
16850
16861
16864
16865
16867
16868
16876
16888
16889
16889
16894
16897
16898
16905
16911
16913
16915
16915
16918
16921
16929
16938
16939
16940
16947
16956
16958
16960
16963
16965
16973
16985
16990
16992
16993
16994
16998
17001
17013
17017
17019
17022
17029
17030
17039
17055
17057
17064
17069
17070
17071
17071
17076
17081
17086
17088
17089
17090
17094
17100
17102
17106
17109
17110
17110
17110
17113
17113
17116
17120
17125
17126
17128
17130
17139
17141
17144
17148
17152
17162
17164
17165
17166
17167
17174
17174
17176
17181
17182
17182
17194
17199
17208
17210
17223
17226
17228
17230
17232
17235
17236
17239
17239
17246
17251
17260
17263
17264
17269
17276
17280
17281
17283
17289
17290
17300
17302
17304
17308
17309
17314
17326
17328
17335
17339
17344
17345
17351
17353
17365
17368
17368
17377
17377
17378
17395
17409
17415
17418
17419
17421
17429
17431
17434
17438
17438
17441
17444
17445
17446
17450
17455
17457
17479
17483
17484
17493
17495
17495
17498
17500
17501
17503
17504
17507
17512
17516
17528
17531
17533
17541
17548
17553
17557
17565
17566
17574
17575
17576
17583
17588
17590
17592
17596
17606
17607
17608
17608
17609
17613
17627
17637
17637
17638
17639
17641
17644
17648
17650
17655
17656
17659
17661
17664
17664
17665
17665
17673
17674
17677
17686
17690
17702
17706
17710
17720
17724
17726
17734
17736
17737
17740
17745
17748
17754
17760
17770
17773
17775
17787
17791
17799
17802
17805
17810
17814
17814
17821
17826
17830
17837
17842
17846
17852
17852
17856
17857
17858
17860
17864
17865
17865
17866
17869
17872
17874
17878
17879
17881
17883
17885
17893
17896
17896
17897
17898
17903
17906
17913
17918
17928
17932
17941
17953
17954
17955
17955
17958
17960
17973
17981
17981
17985
17989
18007
18009
18025
18026
18026
18028
18034
18037
18044
18046
18047
18052
18053
18053
18057
18063
18068
18072
18076
18087
18088
18093
18094
18095
18099
18109
18115
18118
18122
18122
18124
18124
18134
18141
18144
18150
18158
18166
18177
18191
18199
18199
18207
18208
18211
18217
18218
18220
18223
18227
18242
18248
18249
18255
18258
18261
18269
18273
18287
18295
18298
18301
18303
18304
18326
18328
18342
18360
18362
18384
18398
18399
18403
18407
18408
18409
18413
18419
18427
18429
18436
18439
18442
18443
18447
18453
18454
18465
18466
18468
18475
18476
18479
18481
18494
18503
18505
18524
18531
18532
18542
18545
18548
18548
18553
18560
18562
18574
18575
18576
18577
18599
18600
18600
18604
18608
18609
18611
18620
18620
18627
18629
18633
18633
18637
18637
18638
18640
18647
18656
18657
18666
18674
18675
18677
18678
18679
18691
18692
18711
18713
18718
18718
18723
18728
18730
18741
18741
18745
18756
18761
18762
18764
18769
18787
18791
18793
18799
18802
18805
18809
18820
18826
18831
18834
18840
18841
18841
18843
18847
18851
18856
18858
18860
18861
18865
18869
18878
18883
18888
18890
18892
18893
18898
18899
18908
18910
18915
18919
18921
18927
18928
18931
18932
18932
18934
18936
18945
18945
18948
18955
18957
18959
18960
18961
18970
18971
18972
18973
18975
18985
18992
18994
18996
18999
19000
19007
19009
19041
19050
19051
19054
19057
19067
19068
19069
19071
19071
19076
19078
19083
19093
19097
19099
19101
19101
19103
19108
19110
19124
19139
19142
19146
19147
19150
19154
19154
19161
19175
19187
19196
19203
19209
19212
19215
19218
19223
19224
19226
19226
19229
19233
19233
19241
19242
19257
19258
19263
19266
19269
19271
19283
19288
19298
19304
19311
19312
19313
19321
19323
19326
19327
19329
19336
19346
19348
19357
19369
19372
19375
19381
19382
19384
19386
19399
19401
19401
19406
19407
19407
19425
19428
19436
19437
19444
19449
19449
19453
19454
19455
19464
19465
19465
19466
19471
19479
19481
19493
19502
19506
19508
19509
19511
19511
19512
19519
19520
19521
19523
19528
19529
19529
19533
19534
19537
19544
19550
19556
19556
19563
19564
19572
19577
19577
19584
19600
19605
19616
19635
19639
19648
19654
19676
19689
19690
19693
19697
19710
19713
19725
19732
19740
19758
19759
19771
19771
19772
19773
19774
19775
19790
19799
19800
19807
19820
19835
19846
19846
19854
19855
19861
19878
19884
19886
19892
19896
19900
19913
19917
19926
19928
19929
19930
19933
19933
19934
19935
19943
19946
19962
19964
19977
19978
19979
20010
20017
20034
20042
20050
20052
20052
20056
20057
20065
20065
20065
20085
20086
20088
20091
20095
20098
20102
20103
20108
20109
20119
20124
20124
20126
20135
20135
20149
20150
20151
20159
20160
20161
20166
20171
20181
20194
20200
20204
20210
20216
20233
20238
20240
20249
20264
20275
20279
20287
20302
20309
20322
20330
20339
20345
20361
20363
20378
20389
20389
20398
20451
20457
20463
20481
20489
20490
20490
20491
20498
20513
20517
20518
20525
20530
20535
20545
20546
20549
20552
20556
20571
20572
20584
20585
20602
20605
20605
20606
20616
20618
20655
20666
20677
20678
20680
20680
20683
20697
20700
20703
20707
20712
20713
20713
20720
20739
20744
20753
20757
20759
20760
20770
20779
20796
20802
20808
20820
20832
20838
20843
20855
20862
20877
20881
20901
20906
20906
20911
20918
20923
20925
20928
20929
20946
20951
20967
20972
20978
21003
21003
21005
21015
21031
21037
21051
21064
21064
21067
21068
21069
21072
21078
21082
21084
21102
21103
21117
21135
21154
21155
21179
21208
21219
21223
21223
21223
21248
21257
21258
21269
21284
21285
21293
21308
21332
21336
21346
21357
21389
21390
21393
21394
21427
21464
21467
21492
21526
21539
21543
21548
21571
21582
21593
21610
21615
21617
21646
21673
21674
21676
21680
21683
21685
21697
21700
21722
21742
21744
21759
21760
21782
21796
21804
21815
21833
21834
21854
21869
21876
21880
21925
21935
21947
21974
21976
21976
21977
22027
22031
22032
22034
22042
22066
22070
22078
22084
22090
22100
22111
22116
22132
22136
22138
22149
22151
22161
22168
22191
22216
22217
22218
22219
22231
22238
22247
22254
22260
22268
22301
22340
22350
22362
22370
22371
22403
22414
22420
22444
22484
22506
22507
22521
22524
22549
22562
22565
22609
22618
22624
22663
22686
22703
22720
22731
22734
22746
22753
22763
22794
22806
22843
22849
22868
22878
22881
22886
22903
22910
22925
22956
22959
22961
22966
22985
23009
23010
23025
23039
23069
23092
23115
23119
23119
23133
23136
23147
23151
23160
23165
23207
23220
23324
23330
23341
23376
23410
23446
23446
23449
23453
23466
23468
23471
23516
23520
23530
23624
23638
23675
23710
23758
23773
23779
23799
23804
23804
23825
23841
23845
23855
23868
23906
23907
23916
23924
23943
23958
23983
24010
24046
24061
24124
24125
24132
24150
24161
24229
24236
24264
24265
24271
24293
24299
24315
24318
24361
24370
24415
24436
24456
24508
24520
24569
24572
24612
24638
24665
24714
24722
24733
24736
24743
24766
24782
24786
24832
24840
24887
24899
24916
24919
24936
24948
24963
25001
25071
25103
25127
25170
25263
25341
25342
25351
25351
25390
25407
25428
25469
25512
25520
25520
25529
25532
25569
25651
25666
25712
25716
25728
25736
25759
25781
25801
25819
25851
25867
25888
25893
25923
25933
25983
26010
26087
26110
26135
26170
26172
26183
26214
26219
26290
26324
26376
26424
26487
26536
26550
26551
26585
26606
26622
26794
26825
26862
26863
26920
26967
26975
27018
27045
27126
27142
27151
27183
27242
27392
27396
27580
27738
27817
27874
27934
28089
28289
28307
28495
28596
28723
28781
28793
29149
29248
29285
29436
29597
30045
30109
30229
30439
30442
30449
30496
30520
30685
30867
30901
31593
31894
32107
32335
32363
32383
33143
33567
33854
33999
34741
34762
35917
36261
39030
39475
