      Tig     Reads    Length         Area  Memory GB  Partition    Data GB
--------- --------- --------- ------------  ---------  ---------  ---------
        1      5203   2610926  13584647978      2.490          1      0.024
        2      3448   1778828   6133398944      1.696          2      0.016
        3       524    264248    138465952      0.252          3      0.002
        4         1     18199        18199      0.017          3      0.002
        5         1     15796        15796      0.015          3      0.002
        6         1     12109        12109      0.012          3      0.002
        7         1     13043        13043      0.012          3      0.002
        8         1      9825         9825      0.009          3      0.002
