1
1457
13
4
111
161
6
52
6
138
5
2519
61
463
41
70
9
279
3
12
42
6
13
1
4
836
34
695
760
320
51
49
121
7
546
1553
85
5
133
3
18
77
69
1
516
10
105
15
5
34
23
13
707
3
1
13
20
5
3112
377
768
262
12
85
1975
11
2
238
8
116
8
67
404
86
76
3
47
213
9
3
156
42
76
49
39
8
64
1
11
11
4
55
2
105
1017
10
50
10
63
116
39
8
2
7
915
593
5
52
11
15
37
146
571
713
876
214
226
161
5
11
521
302
92
904
78
374
378
118
134
45
11
11
118
2
67
4
37
36
70
4
13
276
335
14
57
3019
71
81
10
4
3
107
148
124
51
74
92
59
553
30
70
194
67
558
99
3
29
74
68
28
2
70
39
28
7
42
14
2
170
176
1799
143
180
197
11
4950
104
159
94
516
14
4
1
50
27
262
463
15
1
2
164
11
1549
68
2
37
115
645
58
3372
4
1639
9
115
14
38
17
12
5
14
103
15
4
148
9
9
5429
132
14
4
250
4
2018
559
5
16
236
86
313
62
12
3
11
117
386
73
13
45
395
561
11
9
31
8250
7
109
39
283
11
28
9
14
14
3190
2918
580
13
10
217
8
99
13
12
14
74
75
14
11
14
8
61
2
49
3893
84
252
1
2
77
2989
9
5164
12
1817
33
127
58
157
20
133
11
52
98
2184
62
7
82
10
46
15
15
1199
134
8
14
2
61
3
5
49
54
8
191
1053
119
14
131
19
38
283
974
3
5
9
18
190
181
8
114
3
95
51
86
169
899
10188
14
40
11
397
93
690
363
175
2
10
12
160
105
2503
2
112
338
60
338
10
5
5
75
7
102
74
182
283
66
15
1595
100
63
8
6
2017
7
66
69
228
5
648
65
1
2987
12
939
35
15
126
6
2
22
94
49
165
12
2
3953
5
6
2
12
53
103
1
5
872
12
558
4
6
160
12
192
165
418
24
249
6
54
38
14
14
2
773
683
15
2297
7
180
1
49
56
120
4
9
12
286
6
734
14
5
1
12
8
15
4
92
9
11
14
74
246
4
7
12
13
29
161
2
44
9
4
42
8
4
90
100
33
52
254
13
65
14
95
15
38
12
11
11
3
329
77
93
3
37
2
6
1336
1635
78
166
170
519
961
19
11
54
34
163
2
515
2
10
1035
734
382
162
35
67
1
84
1218
58
78
71
1
79
53
106
4
6
5
1
956
11
11
825
4461
2715
1
12
147
76
5
2
38
86
3261
2
79
11
72
7
10
220
56
808
31
78
9
3396
4
201
1328
38
15
157
3
120
131
361
45
2306
1910
12
614
9
62
163
5
15
86
9
1101
15
32
15
1
24
6
45
12
342
1
66
243
2
1327
168
7
1
15
13
13
36
380
3
32
6
104
3
355
395
8
76
3
432
396
50
6
12
14
1724
186
93
58
386
129
50
42
8
6
4
613
1080
368
173
13
1
92
23
11
80
11
129
201
74
13
6
3
94
12
11
87
5
892
1111
10
1136
170
63
6
47
1
5
1990
8
1
31
6
165
3
353
14
9
6
4976
490
2
39
2
8
14
96
1782
42
2
12
195
322
37
8
87
241
89
247
11
104
1398
5
553
14
297
7
21
125
39
22
42
33
96
512
59
11
89
11
2
848
14
2
13
5427
21
180
46
3160
88
2
7
6
340
13
10
76
15
1
12
11
920
42
113
46
4
11
1384
12
237
25
292
45
10
9
158
56
477
1594
220
16
358
86
4
13
25
2957
11
15
9
95
41
11
13
407
137
33
122
1
7
31
36
2
4
6
15
266
12
84
77
15
100
346
2
10
6
6
9
13
3
290
78
542
6259
1150
39
192
86
13
3
241
4
15
19
10
487
66
5
2802
1
14
54
771
3
10
6
418
7
5
5
90
6
332
3
5380
2
65
2
61
30
7
211
5
11
2
14
1080
768
10
4
1
202
508
535
3
3
258
314
1
7
83
146
4267
12
6
2036
151
12
3315
46
2817
15
148
2705
2522
10
200
206
1
3
7
5
62
5
59
12
3
1
477
378
107
4
247
874
14
4
714
1266
12
2238
1976
23
4
2022
1257
60
1
55
2
93
7
5
13
11
24
5012
4
57
170
6
15
7
299
10
40
10
15
30
33
4
10
109
3396
98
13
1637
1213
9
55
30
206
13
65
13
5
192
79
12
3
317
92
176
5
7
75
11
15
4
46
6
492
186
129
359
88
12
1
1159
956
15
92
13
56
1
93
8
11
51
82
79
11
6
10
15
111
15
269
50
34
36
12
209
1
6
73
95
6
65
1403
1
6
951
114
9
88
6042
361
1876
73
12
97
81
3
3
151
83
6
92
115
88
45
982
529
64
787
8
10
1279
15
11
328
87
3
59
22
13
41
7
9
303
529
4
99
15
11
10
234
1
37
9
125
150
43
28
311
205
72
37
329
144
3
54
142
7
19
3
48
17
4
2
15
1
38
1323
180
1952
2
2
54
46
219
30
77
4
15
69
7
14
1
6
101
71
7
15
201
101
4
38
1
11
23
6254
557
51
71
4
69
8
40
2
35
93
3
203
9
22
129
43
30
334
13
63
13
2206
105
9
1240
713
4
43
6
6
7
254
6
43
10350
3
7
477
15
57
64
10
4
64
4384
59
4
68
512
9
372
7
13
230
76
1322
2
166
268
61
550
143
132
15
79
2
360
6
1
159
58
120
114
117
619
197
9
13
14
62
59
70
15
15
11
36
6
42
476
2
340
424
784
124
60
53
1624
63
2466
86
1122
46
12
288
32
15
70
137
39
6
53
2116
8
123
7
64
11
121
8
14
15
72
32
53
12
4
33
2
61
15
55
49
1151
413
1312
411
59
1
7
900
1
1097
3
4
1
5
254
3
627
50
103
92
83
87
428
8
1145
16
10
286
286
11
14
138
54
31
119
13
125
15
153
77
62
15
1
97
10
3643
20
9
12
74
129
812
1880
114
9
5
80
163
3
2
154
155
15
8
4
5
8
125
277
12
2094
106
4
17
637
12
582
15
6396
58
13
35
144
14
514
286
3
499
52
647
15
1678
2
607
24
224
3
83
1
1
77
11
99
424
52
15
1904
63
44
1754
4471
262
11
196
540
13
629
52
659
10
1
77
503
728
1415
10
112
13
5
9
44
8
9
14
59
11
2
44
102
575
28
1076
2
19
7
57
3
9
268
15
3
9
1326
206
1210
221
14
62
10
569
13
540
718
3
102
134
4
3
49
15
57
45
399
2
9
5
576
39
12
89
14
137
244
179
23
200
13
36
3410
58
124
16
79
11
55
240
5
381
10
82
2152
10
14
60
5
2592
14
9
37
463
8
5
45
1686
179
7
51
5327
5
4
770
11
357
82
205
55
63
4
2
55
13
8
40
61
87
121
98
6
15
62
134
5
10
14
4
38
113
2
13
49
86
95
30
7
15
565
1
71
8
614
84
36
19
17
215
127
41
9
43
20
1323
212
210
20
135
98
2
2484
5
13
22
31
39
11
3
272
10
831
58
11
2
21
761
653
36
11
268
156
2
84
220
129
3
40
35
2
3
140
1
11
572
20
864
259
47
50
42
14
4
13
3
1295
7
1
435
19
52
52
6
165
8
233
4
2
63
33
358
14
64
4
7
1
2
804
144
14
14
7
4857
5
46
86
5
4
13
5
2927
38
500
96
8
159
364
9
625
390
134
3
91
14
3
2452
5
23
6
63
287
2
41
15
4
3
62
3
85
434
452
1
12
3
284
6
7
335
10
39
6
12
18
4
191
6
6
414
196
13
29
47
66
4
87
6
19
13
12
353
73
11
92
88
1
3858
161
7
14
87
3313
156
117
1
267
15
69
2
179
10
216
51
17
135
208
5
44
134
7
8
90
2
8
77
7
9
8
1
699
917
1
617
8
260
14
43
1612
6
5
11
306
352
15
2268
117
57
143
8
4822
176
550
94
10
4
13
15
8
12
494
10
116
1304
11
6
60
7
160
262
6
8
13
4
6
551
67
12
14
73
2
13
14
8
9
56
97
2
9
11
12
53
12
12
2
7
9
83
279
152
13
8
4136
3
20
14
4
45
795
13
14
12
5
180
4
445
1
33
73
3
10
3
9
43
26
4
100
2464
35
37
12
392
11
1249
1794
7
60
78
3
6
72
42
3686
53
9
57
2648
54
70
11
6
3
201
26
16
1
11
13
870
1762
120
4
2
11
7
284
6
11
201
14
4
1296
130
11
14
4
5
61
142
3
53
12
14
7
4
191
8
174
68
1
31
13
233
40
5
11
2244
3
7
2073
12
44
36
53
777
39
550
110
5135
14
753
11
72
4
5
15
5
148
1277
34
1
532
2
467
152
1
13
6
150
227
64
1665
5
6
43
12
11
82
2
12
551
751
10
466
1401
405
43
160
1
260
15
14
1
7
31
70
2
2592
1
35
952
10
109
41
50
4336
162
12
1
20
50
5971
57
459
68
842
313
56
3
4
126
12
5
74
4
1573
9
627
76
3287
549
9
3421
35
308
13
578
610
1136
399
3
11
6
12
9
51
11
11
97
851
134
8
7
4
90
806
12
155
6
3
15
14
89
484
431
1977
47
34
328
36
29
8
7
2
62
12
124
975
1767
7
6
4
3
497
12
40
2
54
5
11
32
1366
15
43
80
389
9
470
4
107
7
62
456
12
83
2762
96
146
1016
3
12
15
127
12
49
62
536
40
8
1324
710
141
3
5
1503
32
4072
107
133
328
147
1
229
35
1
15
9
1
37
38
4
15
29
5114
15
62
182
3226
2288
6
5
8
22
37
11
7
28
211
32
52
1
87
1347
13
85
184
30
40
10
127
47
382
79
482
439
246
6
150
54
129
8
3013
731
30
155
4
15
9
5082
111
14
15
75
13
89
9
14
122
657
199
12
245
86
5
5
8
4
14
11
3082
512
8
1944
13
6
47
38
4
16
268
63
1
9
1
43
73
31
14
12
109
4
140
209
13
78
140
3484
15
8
3
75
5
349
1016
105
1255
5
5
82
10
2862
15
118
5
5
29
6
4
136
909
6
6
257
93
272
253
118
11
3843
165
3
2
12
365
6
3021
110
9
13
14
78
202
35
7
5
122
24
8
66
6
15
187
48
329
33
364
8
20
41
2
15
2171
164
5
15
8
48
196
122
599
524
59
1271
3
9
13
4
3
27
14
12
8
14
8
608
4
2
169
40
158
93
8
4
277
11
5
8
24
8
19
145
102
7615
10
4
9
88
14
6
11
7
15
7
301
36
4
60
54
3
15
30
107
13
24
50
17
37
86
131
15
183
13
273
2
137
62
9
122
2
4
2
32
114
73
90
5
1908
109
15
214
1817
2549
25
5
109
16
13
1386
14
88
63
57
2
8
11
2
83
7
207
64
15
6
4
489
7
1442
36
1660
120
3216
7
8
6
665
12
6
4
117
2
3651
425
1055
50
2213
3
11
12
14
4
162
12
1214
16
120
13
13
1
67
73
471
1650
4
9
89
15
138
128
588
46
3
3
2
3
36
97
61
4
56
505
3
71
3208
576
27
20
10
84
2727
48
1
1
22
6
2
10
262
70
1
77
195
255
51
145
11
107
38
2
14
11
58
4
197
1
7
4
393
6
6
56
9
6
9
95
8
1500
38
52
63
401
2
2
10
14
1549
77
137
78
2
4
622
9924
15
18
6
97
5
57
6
10
1
11
34
1
48
55
12
4
54
55
3
2
80
213
36
76
9
49
53
838
113
50
2
394
16
19
1591
828
680
348
4
8
36
3
14
153
146
5
4
31
1
12
47
7
14
2
167
77
5
5
272
12
8
62
4
8
364
3402
5
4
3
278
23
157
96
256
424
3
238
546
803
4
2074
12
2
332
15
70
10
248
243
478
5
304
3
77
527
12
5
511
6
163
1
30
14
4
66
58
6
6
4
89
103
685
5
6
3
168
85
9
121
1122
41
5
5
7
47
14
7
849
313
1
1207
80
1999
5
13
15
28
12
2
392
70
114
6
166
2139
1413
71
168
466
15
74
96
15
45
11
800
55
62
4
209
17
401
48
11
136
162
1
36
37
119
15
36
11
4140
106
6
4
14
2
2117
9
131
2
141
69
14
9
38
3856
12
7
7
94
3057
42
28
6
9
201
13
15
1
34
38
383
881
10
111
2376
11
1
473
886
3
7
88
34
451
5
9
11
1353
15
126
4
124
76
12
165
17
69
142
38
100
15
86
4993
88
179
35
15
86
3
44
2644
5
29
94
4
9
53
6
3329
177
405
2533
90
9
11
52
6
14
9
36
39
128
9
7
7
15
92
232
98
1
1
40
162
2
1608
10
4
181
457
8
63
332
140
15
485
984
7
2772
85
1827
4
3
3545
4
6
2
43
3
12
20
7
6
8
52
5
318
10
135
159
1
129
15
4451
200
8
8
13
7
12
8
35
44
3
237
99
46
44
6
71
79
105
8
160
66
7
851
1840
125
92
76
5
6
1484
5
4
165
117
95
93
212
4
47
286
41
93
117
225
178
1562
319
69
620
743
4
14
495
442
92
13
123
87
1
134
2643
7
433
8
6
166
1
23
545
9
10
64
21
31
272
2
11
9
1
207
51
27
29
489
5
4
138
225
69
145
1
953
14
9
6
378
29
3
101
506
130
42
12
7
5
65
2
36
123
5
86
1
26
137
113
2261
38
596
1308
37
5
196
24
134
49
151
141
11
69
2
45
13
354
13
342
10
418
218
56
9
16
12
4
6
1
138
528
66
178
129
51
34
72
120
32
8
12
56
4
2
217
12
7
986
3
1913
1318
129
311
43
2585
13
76
4
13
3
7
12
7
70
8
86
2500
38
4
14
3
130
112
36
8
11
289
12
2
123
3065
3
100
7
77
129
1468
182
8
9
1171
4
147
220
141
3
153
569
4
15
93
5
79
2968
71
12
248
1111
40
4
14
89
797
111
98
40
53
791
1363
28
8
11
7
59
55
372
10
11
43
1028
8
489
4165
4
6
865
15
7
44
3
13
2239
598
67
1080
7
2
2
10
11
7
1
5
11
4
37
89
694
4
1474
44
90
71
15
52
11
86
232
136
1618
10
236
13
5
95
494
3321
168
15
14
6
8
110
88
5
51
14
11
6277
1067
1
4
255
72
9
10
314
239
1111
8
356
238
1
59
78
148
7
6
5
358
4
1
944
70
168
62
164
2
15
28
4
2589
73
156
14
1714
213
2
3
3
2437
25
300
1741
139
180
2
11
895
1121
19
12
8
844
1065
1027
46
4
9
93
3
137
3
6
59
13
14
10
41
1609
7
36
4
36
89
36
2
213
2
271
42
164
8
228
1
4
175
127
828
11
10
12
470
109
138
257
38
15
55
1272
9
71
7
2629
23
12
10
4
780
13
12
10
1385
941
29
28
14
1784
2
2
66
15
7
60
3
188
11
5
6
110
1749
191
4
469
275
7
121
13
14
313
307
384
79
5
80
588
4
22
52
18
58
15
91
86
16
100
2
87
12
36
12
1
73
55
32
5
384
366
318
112
45
52
6
10
19
67
42
98
143
95
484
9
8
3
2
4
1
15
34
12
49
15
52
8
34
13
8
10
96
12
47
14
2
1
14
148
33
14
194
2
8
46
83
3611
3
41
259
11
14
54
8
64
13
319
881
72
14
227
596
2370
7
100
14
5
10
236
9
19
3546
46
98
9
5
15
45
143
54
45
75
6
12
1
10
263
8
14
60
78
83
247
9
118
4
3537
3
9
48
48
8
280
11
6
39
156
2
31
143
45
9
82
77
68
5
10
272
12
4
2
1532
106
46
5
118
14
84
11
64
7
122
29
2
15
8
8
2371
12
3734
9
19
7
113
100
75
54
3531
30
111
23
38
26
15
74
1169
99
93
3
62
10
61
34
121
11
4
29
77
51
4
56
129
10
2
91
164
38
66
8
62
15
15
59
3
250
52
46
59
296
120
4
75
318
110
2
8
4
9
3
54
2
10
108
1
83
8
1128
1394
42
8
8
9
1859
3353
1129
100
31
1099
112
4
607
15
54
11
60
135
6
1520
814
36
57
55
77
14
2
6
2118
1861
14
58
2
10
2
55
252
28
177
248
5
7
62
5
3
26
150
663
579
17
1671
32
10
378
35
172
79
11
53
12
12
620
14
64
13
4335
7
19
15
8
41
14
14
828
98
16
127
129
17
4
38
113
81
2
9
118
67
8
86
345
3
46
13
782
1
1806
11
1987
12
60
1
7
12
7
941
36
56
3
59
47
632
2
1888
81
9
126
32
9
69
15
12
1
243
749
1082
55
696
57
64
6
39
4
1069
164
36
391
72
14
2
1192
8
1
92
45
7
11
117
13
52
105
12
329
6
10
1
12
411
50
3147
411
7
9
5
45
2
52
141
6
616
3
144
89
31
418
7
33
11
8
6
10
12
4225
13
11
25
1
2145
3712
57
95
12
79
7
2
11
367
628
81
147
449
8
11
295
7
8
15
14
54
90
15
10
181
1
3
256
60
93
10
1042
14
98
12
8
51
148
25
9
15
103
8
881
14
566
283
3
451
580
690
14
11
103
36
11
269
3
3
5724
13
51
62
80
238
10
2
4
50
146
12
957
39
462
38
90
240
15
27
4
8
2278
9
26
52
8
10
109
772
243
49
838
66
52
76
1840
6
8
8
76
14
277
8
36
69
5
8
4763
69
14
2266
2
11
10
4
15
85
16
571
1422
60
12
12
139
91
880
27
148
3
15
743
84
65
12
260
162
73
49
96
12
47
1273
997
8
14
65
776
5
127
77
27
38
140
12
47
70
60
119
34
220
245
3
38
8
9
11
3
3
13
4
733
3
79
164
14
9
395
117
8
198
4
6
12
58
295
2
113
33
23
147
27
2384
5
41
39
47
11
1
35
8
10
385
3
7
118
8
88
580
13
169
200
60
823
1
94
2634
3
52
7
30
11
12
78
52
57
15
1269
32
9
423
10
12
13
64
2010
210
1567
18
47
15
40
2
15
33
67
9
1
285
13
8
35
2
11
12
11
15
129
598
230
71
224
94
588
37
117
37
1083
48
394
48
2747
73
116
113
80
280
3
14
75
198
3
2
39
758
34
3
60
8
9
902
2
3
2883
13
1
5
6
23
8
76
7
7
7436
9
168
4
9
