1874
5210
1158
1500
1139
1886
1114
2794
1049
1205
2084
2131
1046
1672
2592
1062
1993
1098
1355
1201
1024
1912
2862
1381
1887
1182
2018
1407
2003
1006
2422
5638
1861
1508
1310
4192
1596
2940
3269
1074
1019
1166
1035
1321
1347
1072
1430
1182
1212
1140
4967
1003
1394
2459
2140
3017
1325
1919
1113
2219
1963
2072
1381
2905
2562
1784
1188
1069
1595
1033
2066
1378
2479
1299
1865
2459
1371
1630
1161
1212
5007
3801
2800
1463
1129
4063
1964
1232
1105
1256
1178
5373
3166
1003
2245
1062
1617
1601
1105
1185
