20
1
12
244
78
4
181
45
45
4
1224
1
19
3
2528
14
2886
2451
405
42
139
12
8
174
36
3
122
70
2456
36
2
2
9
158
15
2
6
11
409
1
75
15
15
536
5
3
262
3
78
76
21
9
13
5643
107
11
79
7
37
32
48
81
41
43
411
1227
5
131
12
97
15
12
3
3119
898
85
15
843
11
558
113
244
2
99
9
1
13
20
15
51
1
15
720
174
285
533
10
1029
9
10
34
1
598
37
8
2773
3411
1802
363
1
33
141
8
6
545
12
156
10
1
2
149
15
1113
14
1706
467
170
3
1848
201
2
153
2
12
46
66
1
10
1129
550
763
189
264
1245
11
1
741
1
14
2
135
9
11
48
6
51
10
42
107
21
40
21
2
1
11
13
1
15
3
2687
12
9
27
4
25
3823
43
6
56
77
60
20
5
193
14
170
4290
10
4
250
2
42
19
8
49
2173
54
157
2
177
51
15
1032
12
1
1
6
82
1
12
5
8
4
5
23
242
2
9063
18
147
206
61
537
20
759
418
7109
112
6
1
8
13
113
11
15
21
3
28
4
1
5
14
11
9
82
184
2
14
3271
2
3836
2
4
89
71
9
11
40
13
164
10
11
135
1
175
1
736
10
5
50
2
58
11
144
11
9
10
58
106
3
7
18
3
1
17
42
6
266
15
13
9
72
14
11
70
8
14
3
74
1115
2
4627
40
119
14
1036
2
30
14
1
15
37
13
795
296
2
21
2
375
1
6
69
7
715
3
553
13
111
59
144
6
6
4
8
52
21
1
11
549
11
964
64
2
53
2
23
77
2064
42
15
67
1
1261
5
78
11
1108
2
66
12
3
81
597
13
73
4
53
5
9
5
49
32
15
75
3
193
45
3
24
3
100
10
81
72
4
48
1
1
30
3
48
1
601
57
60
43
2
1
3
1148
1
12
2
131
197
3
23
249
12
9
8
6489
9
16
6407
5
109
135
8
4
13
4
78
4
14
2
32
13
15
1
8
7
12
3
121
343
23
53
11
3
13
11
839
62
50
2772
1952
4
9
1
8
3
8
84
959
239
108
30
11
3
31
6
74
2016
1
1
12
2653
5
12
3
2
823
759
6933
10
14
35
12
206
191
47
1635
133
63
621
14
4584
186
266
198
1
10
19
7
3288
1
6
9
550
10
100
926
12
14
317
616
1
533
466
6
8
2331
204
12
126
49
7
11
147
42
4
2487
3
501
6
38
90
113
471
2239
1
179
8
7
135
522
16
33
37
813
15
524
10
30
10
20
9
14
7
2
62
3
6
45
6
2
135
83
84
17
58
8
11
9
989
6
2
14
826
11
52
463
60
10
1
395
2
520
7
144
75
8
4936
1
2
13
9
4
2
5
766
4
47
11
3323
643
37
57
2717
2
96
54
55
9
70
71
2
127
14
977
65
492
165
14
706
57
10
12
3768
1
10
24
10
108
2
2800
62
489
35
14
19
305
476
7
2858
3
12
5
1343
10
2
371
340
1123
153
410
13
1
3
13
11
12
7
40
195
87
1
1
756
2
10
8
76
74
516
56
16
35
11
3
3
58
34
11
14
13
125
6
982
3
15
2
5
1
6
98
10
44
13
36
6
10
39
339
56
9
84
146
10
295
7
634
1
1977
42
145
33
11
61
2133
5
80
31
6
36
3
707
58
14
3151
48
9
1
1019
829
4474
360
38
402
281
9
205
47
4
1937
3740
6
86
5074
61
33
364
14
703
3
500
6
2
37
1956
4
104
17
1
15
20
482
2549
214
5
9
136
2376
74
8
2
62
5746
6
122
56
21
71
10
4
123
145
718
259
15
96
9
39
8
152
97
162
685
9
1
15
74
11
5
70
626
6
30
3
7
2
5
6
19
77
2
2
788
353
49
21
79
95
2702
501
1
28
12
366
23
12
13
534
663
11
2
54
1
916
5532
40
15
2
15
1007
1
13
1
9636
2
3
8
64
83
12
9
1320
1196
3
12
956
897
30
598
2664
8
449
115
187
148
2
1
15
541
75
11
52
9
513
14
35
517
41
22
74
1116
5
8
9
41
5
12
14
241
117
50
7
13
9
10
18
9
3
349
14
1
53
206
44
13
95
18
196
52
531
345
6
186
14
4
2267
8
157
1810
1
784
3
9
10
8
7
30
90
10
3
3
6
41
1046
2
12
199
87
243
242
9
1676
414
11
34
11
148
21
4143
40
4
2454
2299
44
7
14
3670
2
9
550
965
1
7
59
90
1
3560
13
46
5
1647
5
154
345
16
104
1171
14
7
1255
13
14
71
7
5
3
259
1710
38
53
3198
2825
9
622
12
98
88
3
11
756
410
1277
8
39
64
708
14
9
23
51
56
42
338
8
6
10
2331
444
14
15
3
122
8
2
5
47
20
8
1305
545
59
83
48
527
11
1
3693
9
3
515
69
12
217
1669
10
48
15
54
14
1
2006
6
89
5
3
4
12
9
4
33
15
119
1
1
2
10
10
67
7
14
12
154
15
3
20
4
86
1614
801
11
7
131
6
7
15
6
33
59
389
1
30
1
31
74
28
9
66
9
632
14
6444
98
6
5
6
509
103
9
9
5817
1204
9
712
37
2
11
3
61
13
61
14
6
55
39
62
457
4
1228
2707
202
351
90
7
9
2
58
428
356
6
4
45
50
41
65
82
486
2525
4
5
17
4
2
10
650
15
15
99
161
3775
1
4
14
10
2544
9
33
17
13
11
1271
159
766
810
8
11
448
554
14
1838
15
866
4
500
10
36
775
55
9
252
16
37
56
7
74
149
1
87
106
121
111
1
117
13
6
610
15
1
45
4
88
6
108
2780
70
6
5553
14
2
115
2
296
2
8
14
10
41
196
61
4
14
10
1565
105
56
6
844
10
2890
14
743
97
9
3
14
7
10
318
7
906
140
241
9
13
46
14
38
174
13
31
3
7
14
2
2013
12
15
11
7
884
670
14
14
6
17
48
13
52
78
14
563
65
10
5
15
4
235
11
1290
14
991
89
8
167
5
2
14
7
176
48
23
12
3
6
1
2
5178
1744
15
920
36
31
1
11
4
1406
4613
6
2
1886
13
342
41
281
91
249
14
19
28
4
747
592
4
30
361
54
7
4
1
83
6
101
4
6
68
4
6
7
1384
1
48
332
7
14
12
900
127
219
10
4
3
1625
1032
317
68
105
1
184
9
1
17
69
174
45
2320
34
117
28
4
155
17
3
90
10
132
12
2239
208
1056
11
10
2194
464
1638
52
8
25
2
4
38
62
516
84
3
4
10
209
154
215
21
19
930
562
1869
9
20
6
1
49
14
17
217
78
131
2
1
513
3
9
9
3
5
10
13
2
50
13
8
11
13
636
40
15
14
1
5663
132
2705
137
4
246
13
73
128
7
100
714
13
196
9
12
70
675
181
5
11
1801
4
1
3104
1151
1
6
2
15
62
520
1400
103
4
1355
13
3
1144
719
7
1
13
73
7
98
13
3
13
58
43
3999
5
406
14
11
4
65
57
164
10
1
1
184
5
42
10
8
3
39
925
14
8
1
257
221
4
89
661
6
166
693
168
8
12
38
214
1
45
12
1
4840
2
11
49
531
11
110
38
1
237
12
32
9
33
6
139
4
4
1
1
12
15
11
13
395
6
3
1824
132
91
1
12
442
6
135
139
1
4
45
10
40
192
7
119
2
702
10
59
1
24
3
100
5
51
1639
860
50
11
2
194
1
14
1
263
11
95
410
1099
8
1
89
13
197
1
2
118
29
1
43
1119
11
36
14
31
39
13
66
5202
7
291
12
15
271
2025
138
69
548
61
149
64
3786
23
113
1
12
20
161
143
11
14
10
49
162
29
220
32
3
59
1346
12
37
7
390
1
1755
18
8
1
15
535
2
994
10
19
3
172
12
38
55
79
1032
4
102
2
23
7
15
187
2
13
705
132
7
8
1
10
292
36
5
13
1
2
65
3
1
133
8
29
2
22
15
1690
122
12
4
2220
34
2854
15
382
2172
428
36
1897
90
28
66
3
199
11
5
13
38
7
41
57
35
711
7
2382
13
2
1005
55
2
7
28
1174
39
15
10
415
557
15
3
1
364
2
11
1159
112
10
7
502
5
7
8
3888
67
2
8
2
15
11
15
13
31
10
1
117
2
1743
6
6
6
1
1529
12
9
356
1568
1
39
42
3
15
9
406
7
1
31
7
14
1850
27
15
606
8
574
38
1
724
30
2
11
17
6
5
9
8
1
13
151
6
557
97
480
34
11
554
1
3
39
1019
92
20
40
720
8
58
13
653
7
103
61
8
2
54
1604
4
89
4052
75
2
10
57
701
9
3907
9
15
22
2
184
55
423
3
5
12
547
1
12
57
1
6
1
7
5
414
3712
13
2670
46
9
11
294
90
9
7
5
1
11
14
1
671
44
1093
1
3
440
15
31
1
936
795
176
39
2
58
13
1
70
7
21
4
248
9
14
41
6
485
363
7
2
117
6
29
22
56
98
8
14
8
32
4
1
303
3
2742
2150
6
2
4
17
54
12
11
14
6
1011
13
3683
755
10
55
433
11
14
32
5
53
2419
1
13
504
1
5
54
60
32
21
14
45
1
8
1
6
1
16
7
18
11
2
7
4
38
43
3
3
138
46
1187
6
84
15
14
16
158
14
1
62
12
1942
20
433
1
4696
184
1304
3
60
3831
6
29
11
82
7
12
588
6
3
5
10
4
2
5
795
175
15
47
64
9
13
13
1175
52
2
31
2595
13
14
61
54
70
51
100
2014
96
8
35
15
44
1
2
13
2
6
171
13
10
5
122
3390
3269
6
42
100
412
13
99
35
4460
92
622
3475
34
35
46
4
10
57
213
12
1468
1446
84
11
13
783
10
66
72
4
1210
11
2020
12
13
8
522
839
163
1
72
10
1
50
8
117
99
8
806
241
37
3
10
15
10
138
1298
19
7
7
40
57
58
12
11
203
52
128
1155
1
1
37
11
10
55
53
5
14
22
2
5
2639
14
12
7
10
8
56
9
121
47
185
1573
5
9
6
1545
3752
53
22
75
13
4
15
5
132
73
628
3
6
1
120
396
2
8
2317
8
13
43
21
102
7
8
13
4961
79
3
14
1
20
4
104
4
27
41
60
224
2
53
659
10
11
1
584
106
95
625
1
2777
198
5
41
14
770
75
1
15
285
65
54
12
3
6
472
1733
10
3860
7
52
5
13
1
12
82
311
3
5
1108
75
3
30
765
11
58
2
967
197
2
41
150
217
14
6
11
9062
1
6
1
6
8
14
15
233
27
4
366
1747
1
42
1178
6
146
563
68
553
877
12
8
6
2
3
229
13
12
2762
54
53
3
88
1
561
106
53
2
12
12
312
11
67
8
11
424
38
1
2
677
34
153
46
4
52
15
8
15
1
55
38
1
228
6
78
7
44
11
23
6
31
48
4570
159
47
122
716
29
1538
70
5
99
215
218
11
12
3
6
7
66
5
69
136
1
1
10
37
566
15
25
258
133
5
14
947
13
3
10
2
73
204
13
10
10
588
39
1802
175
14
3
5
3
1004
3
10
425
30
95
1
7
6
37
4
5
2
6
488
23
12
10
9
6
34
84
1
343
15
13
19
22
6
6
44
1
95
362
12
2
13
6
13
8
1
17
4304
7
5
67
13
60
248
13
13
16
7
13
10
30
1505
1
97
1
9
33
10
8
8
7
14
1
11
14
10
12
5
15
80
2
1
234
87
30
4
12
10
35
46
13
14
22
173
2
1194
1
10
14
15
49
94
13
29
7
819
80
259
15
16
3
10
5
13
88
52
3
3
3
359
1190
6
12
82
14
1
7
2
1
5
7
35
678
2
6
2
678
38
18
11
3848
1
128
4
81
14
38
857
8
122
769
1152
5
8
4
15
831
88
231
53
2
5
225
108
1631
11
14
582
1300
10
5
1
186
49
32
14
1920
1
11
1
4
1
547
30
566
58
14
301
11
1825
159
9
109
147
43
17
1
312
424
2
105
114
503
140
3
14
15
3303
11
5
1201
1
3111
4
6
979
8
11
686
6
10
3
108
3
5
10
114
84
8
8
94
7
43
45
40
14
39
18
15
1387
13
12
7
2213
12
35
5
9
7
4763
9
2
1907
644
13
15
1
5
7
121
9
5
1514
66
44
7
1
122
45
230
604
432
1
6
12
12
8
11
38
6
9
4
8
27
87
5
7
2
530
6
1
7
211
32
2312
604
79
8
4
5
178
77
36
13
2034
2695
2138
340
11
8
494
64
48
1
807
67
302
6
9
1583
201
1
620
15
2
347
11
4
503
2
94
3
5
1058
64
4
15
14
11
12
76
67
2165
12
2
3062
7
21
16
14
5
109
7
585
55
12
151
137
8
2771
1
3
44
13
1207
15
480
51
31
11
408
40
16
133
700
2
13
669
15
4
129
3
121
2112
21
10
655
366
15
2727
15
6
82
689
4
83
10
22
2637
26
126
1
9
7
46
30
46
575
5
33
260
725
198
43
2
33
1186
859
557
10
101
26
49
68
77
54
7
334
3913
12
15
14
2
6219
60
314
1
59
59
245
1196
70
87
1
217
3
7
6
156
80
15
4
2098
5694
180
11
36
6
527
11
4
808
5
3
43
12
12
605
32
7430
6
90
1
4
729
28
2
44
9
14
7
3
203
13941
9
53
13
5
54
1
2269
187
22
370
6
12
13
74
42
3897
140
451
6
45
73
341
15
3
32
5
1076
2486
10
1329
670
2
8
32
2065
1282
11
