1441
26487
22138
3272
2507
2330
1995
1975
19154
14408
2631
24236
4783
2194
2600
7928
13016
15775
7668
1286
18407
1791
1772
1849
5225
2316
16013
2367
5497
14485
16321
20877
3801
3322
3178
17057
2781
7591
2056
16306
2904
2866
8536
7143
3108
9732
14845
4690
1700
2466
1870
2061
3769
11207
7874
7048
20862
8179
1113
5817
11846
13751
6223
1835
7678
1657
1630
16940
1609
8597
10933
4682
25512
1710
3815
11038
7594
28793
10309
1738
1697
2760
20171
7360
3057
3068
8097
1093
4610
2715
6790
2324
2337
5096
10066
10025
12801
2751
8945
10309
4795
11366
4976
2370
7429
4859
4809
7125
3704
9703
4791
20881
9015
6625
27126
2058
3978
4523
1233
1254
3960
13056
30109
2089
7839
6624
1488
3341
5934
1745
24132
6004
26324
15088
3565
3592
2691
2620
2563
2441
20166
22484
10811
4580
7746
14558
1605
6659
4617
16898
14555
6771
1847
5665
1921
18677
23092
8292
6977
7448
3472
1011
2003
1755
4761
4768
2578
2930
1258
11031
13052
12146
17896
6250
12007
19146
3682
3299
19693
3157
4012
7032
9605
14617
5501
1419
1086
5872
14780
7184
14462
4885
1464
4696
4704
1397
6311
16302
16834
17029
3191
3142
5692
4833
3999
13893
7283
18454
2829
3324
4142
13696
19930
5313
2378
10553
4343
9289
23330
2547
2376
13003
11542
11714
9476
8329
1600
24899
7006
5036
4515
10032
1805
10372
3533
11347
6438
10259
1164
9910
3941
10572
2128
2082
3884
18599
1994
11550
10717
12250
16938
5842
5084
8050
11900
16067
16634
2020
15338
4696
2767
17606
3511
1141
1206
1070
1181
1191
1196
1209
1213
1207
1183
7857
11281
16085
3621
12551
20108
5619
1266
6156
13630
20739
13729
16274
3722
4782
7680
4432
4127
2199
2094
2788
13208
12114
1903
4085
18087
15142
1746
1686
1575
1596
3441
4044
15741
7029
6861
12800
10290
5253
16353
5400
1371
9964
4845
7603
13306
3128
9049
14617
2641
2687
3691
3408
1439
3735
21068
1575
20160
1731
1753
1751
2531
4736
6261
2531
2034
1284
1483
3570
19425
2250
12898
8637
8505
7197
2358
3087
8767
3838
6910
12904
7153
7469
4133
22090
11442
12558
4359
4556
6883
13925
1693
1117
6704
23983
20552
6181
8732
1912
6108
16728
2532
13949
8819
4191
4676
5600
7968
7522
7729
1231
1226
1223
1214
1210
13607
2537
2527
5955
15905
1663
1758
27580
2729
1519
17501
13652
3334
19233
9731
1831
11049
10905
3061
8461
3302
3388
8820
10963
5229
3145
1544
15584
11856
1394
1718
7004
5312
5068
5037
2073
2371
9326
7949
11447
16844
5067
19878
9069
6095
7337
7387
8312
8079
5140
11401
8295
5899
11515
6293
9225
19057
12212
19224
6667
13859
2173
2087
1770
3648
4452
12545
14766
3367
3363
3328
8050
19854
10981
14019
3644
8115
15015
8498
1454
1379
1421
8761
25651
12327
11168
4609
7647
5460
27242
1849
6252
1093
10894
1580
1429
24782
16343
15485
1569
4138
22168
1264
4211
3369
2780
2913
9730
4176
11703
9557
5977
4079
1800
2186
5465
1696
2278
9038
16947
2528
18674
13089
17483
13395
5097
2009
10177
3070
8280
6686
10259
7163
4536
6645
1462
19935
21003
19528
2191
1199
1189
8286
2282
5794
1559
1581
1577
25933
8916
13922
2547
2521
2555
3926
1612
16303
7837
16346
2058
2006
1963
1786
9378
9270
18604
3180
3201
10288
4523
8235
3034
8828
7452
5761
2249
1310
1970
14797
3485
5472
18301
12637
19512
3950
4431
14599
16865
5794
7124
3696
2085
7273
1081
1862
4447
3519
8893
11015
6169
9559
1616
1581
1129
4524
13526
1238
17441
5468
17858
20339
8675
7116
7097
6448
4063
6689
8747
6898
9973
14153
19572
11922
2236
8951
13859
1812
1945
1975
3782
15464
6286
5028
3004
8354
2690
2683
2686
2647
2635
13689
2394
2352
26214
3277
8523
9150
1973
13926
15228
7229
5709
4851
5133
4642
16658
3217
18841
4001
1573
1575
5945
6218
7258
1033
7628
1697
19556
3911
3914
9475
1647
14769
1528
9222
7716
6347
5115
4728
2039
7218
16613
6362
7027
17181
5986
14334
2252
3582
9635
3307
2423
15796
1576
8166
19855
4036
6177
8554
3821
7437
5520
13156
3803
15799
6102
1466
4318
4472
13188
18439
2504
1248
7175
16209
3918
21742
9098
9694
3987
15241
1808
1800
9899
2555
5660
13588
3212
2771
1702
6051
5201
20309
17239
15818
7004
14432
1331
14802
7196
9313
11820
11526
2012
3131
15387
5588
10948
15684
2030
3233
15144
10630
2310
6572
20602
4249
5950
23446
9019
12272
15815
9014
22985
1512
3366
2980
6945
8740
4190
4010
19508
11496
11341
3687
3660
3668
2350
1300
3710
4283
2525
2285
9294
10325
18217
7527
13564
3539
19097
4916
7555
14876
4438
8122
5262
7427
2693
7282
1310
1310
1301
1287
1283
14820
14042
2706
15515
4166
21617
9142
1811
13703
8710
10148
9933
7079
10618
7494
7046
1840
7823
7607
4027
7124
7913
2280
1866
4672
6152
3148
1834
17638
6250
8857
2277
18957
1631
15913
2052
4779
4281
2599
5562
20065
3079
11158
5946
3997
3731
3695
1473
1747
1773
1745
2753
8100
12825
22507
2670
11100
13672
5367
3898
7270
16176
4536
9436
13063
2429
9341
6577
28596
15395
3286
7351
17484
16583
1259
1397
1413
13610
16864
7843
7772
6054
14111
12728
22966
2736
12324
17445
11115
12432
3341
7211
13063
10363
24161
16551
8398
4893
3931
1833
1829
1832
3373
4408
3107
17223
16602
5073
17726
2064
19428
8070
11863
5426
13274
4720
10400
7109
1060
8931
21880
10988
19436
8869
19209
6703
21646
2251
4505
10740
1934
1329
20135
23069
1985
22703
20150
9500
9532
5170
19820
13368
12820
5443
11244
4420
8512
8922
12095
6900
9423
4388
2752
23376
3059
3082
6692
11835
11282
18287
17872
6187
8321
3628
2876
1315
1971
4452
2328
20249
2573
11846
18640
19962
4318
13475
6186
1881
5988
21744
10969
16454
10371
3240
1041
11498
2434
27018
19979
16905
2817
14170
10526
16138
5357
2815
2191
6478
4955
16629
2816
1324
15755
2103
8963
3963
3974
8315
9134
8867
1321
1286
7890
4691
15661
6833
3025
12302
12188
2743
13291
4376
19150
6321
7644
8236
9067
11193
13418
5069
1824
1836
5799
9959
2391
2428
2422
2429
2423
3255
2910
21492
4403
6446
2048
2885
3199
3102
3124
9521
2976
19790
11668
4420
5312
2496
10473
14262
22247
2446
5480
9286
6092
4646
15059
2266
12430
21031
9868
8349
5037
2853
4980
8858
4711
4700
15038
2683
11364
14569
3501
5374
6085
4797
5066
15657
4183
1838
10225
1084
5986
1915
5761
19051
21223
15037
16850
7263
14504
1913
15551
16811
1605
13259
11295
3850
3292
3671
3691
3644
13013
4029
10910
14504
1983
18118
12036
2171
12969
7378
3002
11197
2637
12925
18999
12705
5883
5125
6698
17574
6640
11359
17516
2374
9125
10983
1619
2371
16619
5368
3533
1646
1933
2117
12659
6745
5936
14404
4271
1067
14582
5578
5065
5564
3050
8544
3754
5951
18223
15986
10011
1839
7600
19241
8403
2275
2521
2594
2917
7149
14176
7048
1589
3304
9506
10864
10825
10490
7434
19139
10800
10422
7765
2704
8036
13556
4374
9496
2940
14249
2002
1051
9674
2847
7016
5487
1941
3130
6558
5716
1850
5091
23804
15231
9732
7176
16031
6784
12111
3876
6381
10331
19054
21257
14879
3765
15133
4077
12485
10784
11558
1523
15804
18865
2353
2390
1978
15233
9883
2895
6493
8038
22191
1088
13826
9855
2198
4421
2795
11585
6441
16276
16203
6028
9518
13053
2015
1974
2026
7108
1184
1235
1251
1223
9361
2306
12251
1339
1012
1413
19313
3860
13608
1531
19481
3529
19212
19124
1240
2650
2479
15246
3847
1118
2173
9032
8471
7045
26170
11190
16482
17162
10913
17650
11663
2411
11043
12482
16149
4777
8128
17395
6362
14657
21722
19913
2285
9800
10893
6402
5279
2888
11981
20088
6434
3178
1985
10771
2491
1466
1305
1469
1450
1454
1482
10452
24736
7203
16311
12800
10585
22149
3366
2419
2952
3681
4184
18932
3222
1871
14957
7371
9586
6598
3913
2414
6891
13243
9773
13884
1704
14267
8845
4631
8664
3337
6409
20753
7022
4890
1772
5661
3713
14358
4912
5349
2741
14032
2628
3668
5923
7535
18419
15595
12599
10786
2344
5341
2661
1687
1712
1711
1681
16517
8291
4339
23136
5389
15381
15577
2387
2439
1081
1079
4089
6782
11556
2643
2523
2512
2298
3540
15115
23453
4559
8006
15256
1496
6235
1034
12650
21357
21804
10444
2427
2395
2421
1439
1127
8861
8490
14055
4707
16598
12631
8090
4358
3653
4366
9567
16743
1056
2117
6105
15644
11178
4749
22731
3448
7854
5912
3730
5051
9693
9460
1411
20838
19533
1581
10763
10459
12283
14090
1708
1374
22161
15016
6627
3246
1318
10501
16229
2550
20901
6122
20978
2001
5758
1334
5967
11254
5728
8657
17300
2708
4199
2060
3606
12315
11427
3654
3298
2316
2663
17280
7810
1264
1635
17857
18666
15322
8340
5984
2888
3869
11015
6713
7377
5311
16539
4024
18899
2246
1353
1365
1359
1362
1319
30685
2053
13443
6343
12465
8849
1246
15879
6548
5011
8075
20056
4766
3375
7853
7803
1361
4668
3772
14499
14775
5025
18841
1517
1293
1279
6707
20489
20389
9086
17141
16998
12268
2536
1582
20549
16110
2272
9631
14647
1061
9297
17328
3286
5150
2957
18921
10014
5944
10594
2975
12924
23119
16716
18447
3137
3210
6166
4862
6895
12180
3241
4534
2789
4883
6344
5506
1810
1775
11636
14678
5262
10319
5898
2320
10120
10657
5805
4332
3648
12216
11019
3055
1131
14863
10365
8385
2366
1724
1724
1732
1700
7600
17446
5978
3807
16018
9572
2413
3909
3044
7134
6873
2779
20906
7843
1056
1032
1069
1036
1149
1232
1208
12409
3365
6767
9085
9628
4815
18638
1662
3700
2594
1492
16263
12243
15714
2012
7571
4121
3318
5302
2651
9085
13885
2948
2959
6465
9334
2132
2009
10001
1530
11203
11626
5428
19323
7249
2073
13702
15982
8759
4148
8551
13430
3109
3103
7189
9800
7683
13040
1998
1971
1978
3617
8210
7893
3548
3389
2337
8636
10149
8142
11489
1960
1966
1963
1408
4937
3364
9813
3887
3878
6869
1823
5588
17837
4478
13958
4425
4763
11804
11605
1163
19071
9924
11711
9904
7534
1770
14957
16248
15779
2045
2662
2084
2065
5416
2382
6196
7211
6311
13119
1021
1970
8802
8066
3445
6210
7052
1914
27183
2796
1164
7153
3246
19464
2322
17655
6844
14771
16487
13989
18692
1756
5226
2474
5629
13483
4371
4104
15262
5786
20571
2616
1442
8607
3137
13254
9727
17748
13943
8482
15007
11522
10418
7780
8883
2931
1034
1603
6674
23446
2675
2100
2091
2284
2454
2135
2118
2169
9508
2600
4099
2242
11328
18476
2272
2208
2268
13770
16383
3694
9952
7680
17557
9595
5554
6352
5892
17852
2707
14018
6700
1255
11472
7471
6759
11354
11739
16571
2677
2633
14587
7033
8311
12747
11622
20194
18503
14059
1477
15966
4029
4034
3291
20967
7169
5158
6832
1200
2908
8194
6603
18840
24916
9265
10854
6482
9762
10118
1409
10814
10669
17878
17128
6748
2575
4605
11871
19101
6716
12913
12331
9204
5327
7149
16291
16791
11678
17575
1969
9064
15834
1186
1228
1035
1176
10726
7035
1123
1094
1119
1119
16913
7565
6232
2755
4660
4926
2319
11915
19564
13139
6815
13432
1402
1634
1624
11020
7617
5012
3420
15917
2925
7749
1743
1526
7408
1636
11726
10958
22521
5519
8894
2022
10524
14955
11075
7092
10645
1788
1808
15056
7778
4609
12402
2566
18505
4515
4290
6505
13669
7993
4519
6480
15301
6826
4878
5344
19933
2964
2986
2962
14738
2428
7005
7454
11493
1594
1281
1274
8782
1348
10107
8532
10389
7530
9466
15364
3465
4705
6468
4277
1129
12921
10178
6795
17590
11680
20744
9878
13465
5444
4990
2183
10474
2985
10110
6270
9304
13870
1313
1268
1416
3335
8190
14231
14101
16249
4926
3643
9856
11836
11714
1507
10292
19600
3442
21102
14218
3444
6022
14157
3767
11522
1172
1987
19304
2833
2754
2800
2789
8785
13321
2317
13208
4318
11098
8892
20135
3442
7535
21935
10725
22078
15965
11350
17754
11972
11854
6944
5591
17533
5760
8656
10339
12973
4774
3707
12279
1013
5248
21219
7481
2781
10572
17130
1761
4977
4213
2218
14990
15285
2864
3984
10566
3035
12271
5647
8324
5847
16456
11284
9011
1398
5432
5678
3705
3933
11733
2564
13451
14185
13648
8488
13711
4075
18475
9453
3143
8926
4744
2411
2123
8780
14944
2628
3345
11250
3679
4721
4915
2247
4919
11412
21284
13759
11319
23779
8510
3654
4388
6730
4676
4702
12620
2959
5266
17852
2483
12060
13607
12590
8247
12877
4022
5897
16125
2256
11062
13293
1146
10057
12598
16316
5413
17981
17199
11117
6356
3551
3388
13417
15854
12390
2186
1362
2237
2271
2265
17281
11260
2245
3260
4915
1047
1154
7192
8085
3990
15391
3719
7582
4149
8661
7577
6511
1428
1007
1513
8332
11443
6160
15650
6553
5943
7946
3184
6848
7452
13987
17805
17802
5402
1952
10239
8030
7157
6694
4997
4065
13125
8653
7180
9421
1481
4938
11918
11288
15448
16850
10304
13729
3003
5463
4782
5322
1246
15217
3200
4177
15403
4650
10653
9654
19584
7730
7294
8436
13377
1441
8477
8974
4154
11115
15541
11140
6378
17665
8269
4819
7908
3841
3359
8684
2022
14178
4811
11217
21876
3567
9651
5232
9624
20233
13518
19732
4985
7745
13403
12711
11242
7542
19563
2411
3393
2430
13149
22260
10881
3662
22843
11102
7894
1845
6061
1071
22753
11615
10036
2267
4005
12266
5003
1601
17856
18975
9785
1332
1422
9996
2695
12154
8503
6297
11671
11096
3484
2418
2350
2393
2418
2348
1063
3938
8060
1771
1161
10590
13454
3270
2247
2904
15722
3579
1303
1297
1315
1329
1307
1314
17495
8890
10635
2237
20491
10183
5792
14935
17304
11205
2730
15168
9429
8913
5426
10950
18028
8839
21248
9953
6418
6442
3239
16428
2286
22268
8073
9052
12073
6866
1307
1298
1343
7335
6589
2886
22794
14017
4019
19007
20925
3444
15274
9063
1900
17613
6833
1863
11279
24508
26622
13657
9595
6672
13151
14720
9413
12495
10222
2318
2786
3586
6036
8974
12029
22414
2909
5295
1093
4270
4851
14689
1193
13168
3482
5093
1131
10927
6610
13809
2374
5238
7533
16636
4646
10387
4450
1702
3638
5437
6023
2629
2635
2622
1329
2260
13996
1267
14931
5674
7368
10716
9241
15293
1085
26110
2774
2812
2797
1991
15185
15854
2097
7272
2950
9075
10569
6757
5525
4359
10280
7409
15820
17110
5144
11205
6750
3499
21593
3177
9065
12334
1012
4412
23906
6280
5038
2519
12428
4426
3282
3022
14078
20361
3763
3645
1301
6985
20098
11523
7185
12888
3379
8802
3358
4733
9477
5055
5221
14033
19529
1797
1835
23160
5441
1969
9314
2444
3214
15863
14790
19861
20389
1931
9700
22042
18927
3455
5341
18068
5328
11842
8074
1391
11591
14799
16371
3096
3075
4302
17565
5485
5457
1672
11704
1180
10790
10896
18802
5197
2175
3533
12739
1458
2523
2400
13751
6795
17842
4052
9118
3639
17869
3430
12464
5683
7469
18847
17290
1060
4528
2167
3302
5896
2339
1446
2598
4351
1507
8040
8936
23624
2179
1573
4469
1333
17686
13599
1521
1293
21947
22219
18524
4389
1421
9466
3158
11356
4606
5501
15460
2461
8052
10828
12562
1998
14882
12535
8188
7418
3749
2208
3086
2514
2611
5536
4682
9751
19327
14052
14312
2115
2067
4806
6082
7526
2512
10351
2777
9876
17641
18360
7930
10952
2932
3446
2127
2158
2769
1603
1995
2074
17109
8348
14257
3827
14119
3490
2192
14455
18826
8339
7670
4103
23825
8994
19946
3645
2391
15207
13624
3694
6799
18122
6671
7634
3361
17344
10657
20525
2428
9085
10525
19346
17648
1503
1497
1503
2705
12699
2147
7854
5065
10651
7858
1101
10929
6527
13604
7079
23855
10470
7621
4561
4054
1609
3896
1043
1111
1051
1090
2438
2308
2339
2353
4599
1397
12456
15102
3392
3367
3417
9115
3373
10171
2068
2078
2040
4933
12881
2125
2117
2133
2465
2478
13671
13716
18037
1698
7854
1197
3572
10047
1954
3208
2107
2108
10338
7332
2121
13541
16453
7730
6692
5706
3331
8437
17706
2460
13329
9715
1437
1468
4990
3263
2507
2545
7902
5278
4126
8700
3218
1233
1509
4479
1799
9622
19773
11630
9535
6479
2036
3961
5899
3750
7694
8691
4913
4609
10087
3959
3958
4042
3972
2674
5911
3942
1796
4019
13240
12073
1928
14958
2873
12457
10090
8129
12039
4936
8700
1400
2416
1768
12440
7805
8347
2400
4156
23804
10320
4990
1430
1416
3430
22849
1269
9979
5609
4629
16990
10635
1604
2301
2311
2304
2331
3015
1230
19154
17335
8056
2303
2322
11818
3151
10523
5856
9775
12763
2442
5745
9446
14295
12634
4415
17791
24456
8612
11795
19108
17659
17740
7079
3319
24832
3997
11971
8423
9750
10919
4279
3855
12965
19771
11504
3484
5210
11691
14700
2075
2089
2090
5168
3932
15534
8213
2602
1781
1770
3342
9638
1524
16437
10737
3585
14466
7540
2421
7394
2209
1709
4264
13831
6186
11636
18647
13274
2420
17661
12441
20498
2197
8331
10236
1396
2038
4120
7371
5255
6007
14090
18542
4185
19266
3617
6285
6859
4849
15390
4576
14827
3158
10370
21285
13317
4008
14153
8536
9091
3197
10837
10214
6572
13862
4664
8403
14576
2811
10959
5898
1894
2796
6938
1351
9338
6546
3912
11344
8656
5283
6880
3880
7781
8902
5128
1289
7285
1938
2673
2858
6730
5725
15223
1535
1531
6013
1050
2882
6575
6066
17236
1440
5560
2284
21615
2480
2488
26975
1197
1182
1192
1170
1192
11121
2251
2281
2662
6368
17893
2215
2255
2229
2228
3340
17500
16723
8256
9406
5928
1480
7977
6667
4176
15171
25428
19964
1965
3560
4163
1315
19725
13262
1222
1201
1187
2908
9345
7216
8801
9594
1967
6073
10381
4858
3348
2259
2280
2291
2302
13279
13766
4282
12078
9987
1645
15051
7232
7877
5873
17064
4698
7553
23841
4515
3281
18723
8134
8837
11825
12870
8906
17639
3580
3713
6700
23520
5180
2358
4904
4393
3105
2248
15860
2618
6388
21539
7810
18545
2212
30449
13223
7841
18399
25716
15690
6241
4622
1990
9652
4238
8246
9894
12327
17353
8151
6969
1338
9216
26536
3893
10597
23468
2963
6057
3354
10016
3022
16567
19835
11032
18960
15069
2682
2669
13808
20535
5693
3230
3440
21974
3073
10258
8990
10892
5515
8371
1667
14736
8631
1183
9726
1932
21258
13266
9082
9428
2785
17677
10636
1079
6766
1925
1890
1862
1284
11485
17126
10683
5030
7604
12667
8694
11375
4384
20200
4816
17113
7327
8977
16469
1061
2366
16167
3124
13428
2570
2577
11857
10271
7334
22444
24520
10655
7317
9919
10601
6528
22562
7829
3216
11982
9957
6373
15931
5123
19257
11442
8583
9046
1790
10583
17541
18443
21346
10179
11498
12935
10221
10528
21393
2490
8310
19799
18248
2314
2779
8073
1938
11687
13882
5670
15101
3999
10711
1564
4264
18910
5532
1778
1468
4265
24265
4161
8147
15894
6707
25712
2408
11290
20802
3093
3546
1897
18633
11751
1654
9233
17071
16939
4750
4040
7155
2630
6767
10834
2878
6357
1160
1131
1121
3442
14299
1192
2952
1452
1452
21854
2037
2094
2125
10980
5722
5698
9995
1469
1461
1402
7654
6323
14095
2273
16514
1556
6731
2528
7187
7275
7108
7506
1548
1546
1150
16915
22624
2111
6389
4509
20666
3950
1490
4840
20606
2326
9409
5779
1514
5581
33143
12083
27142
5481
7770
3000
1014
11681
16582
6526
11460
10688
8484
2775
4597
3313
1719
1704
10811
16781
9447
13182
18756
23009
3019
3582
3369
7048
16179
3431
22151
6184
2430
3606
5848
1713
9174
6075
2547
2557
7321
18764
2602
19348
21815
9559
17528
2035
6600
4262
7348
1473
18057
26087
1754
6958
6332
5159
20713
3100
3053
1460
4109
8982
9768
1595
19437
9241
12034
2137
18928
8584
8913
19519
3388
6876
6621
14910
9907
18466
9447
20605
29597
6954
5981
1943
13756
13513
17664
8202
1761
1081
9944
11562
1122
7093
11893
5440
6271
1105
13197
14708
2879
5465
2087
2112
2096
3251
17941
2708
10187
6255
4551
5502
17860
7748
4907
3169
13847
1223
1189
1163
1200
1192
1200
1176
1272
24061
8285
2487
2955
1222
3357
1568
1487
3395
3332
20204
1020
1079
8754
1219
5094
6490
19917
3806
4770
8673
9559
16394
10194
1943
16009
17429
20149
11097
15906
3449
1394
4993
9173
4985
10243
13381
15753
2099
21072
5753
1963
1998
14203
16993
1452
3059
10285
5105
12667
11252
1241
4494
26585
3979
20275
9448
2450
2427
6882
2201
2439
2597
4062
12740
12402
3775
20585
2291
12241
17431
6111
19886
9409
4877
4863
4878
4819
12401
1913
1682
3622
4680
18207
1230
16676
5372
2870
1226
3440
17814
10345
2022
6148
3877
19382
17076
9154
1842
6558
11244
7700
32335
1104
11316
1591
11388
3501
3515
2193
4450
7954
1969
1303
14864
1013
1022
6243
14597
16057
5337
14324
9893
18384
3499
11000
1388
16143
10380
2600
16815
1083
20545
7540
1367
1336
1291
14709
4162
8985
1845
3220
2619
2335
4611
5035
6762
1127
7420
9166
2523
3957
2151
1211
17953
6440
8236
10730
9486
13659
3453
18769
6409
2439
11908
1699
4999
1020
1081
16779
9073
2951
12908
4863
3882
1713
1707
2067
4089
3204
8293
2065
1075
23025
4503
17110
4225
1613
22618
1855
9542
13224
2822
2373
2455
3749
1633
6013
22350
5414
11017
3206
1070
9972
13261
1469
1445
5432
18679
19218
3970
3580
4031
20363
23207
7439
19710
29149
3641
14075
2594
9973
3616
5438
1397
1624
1606
22420
7142
8299
2325
1694
3122
1942
2498
4945
6756
8905
20264
8592
14344
1413
1203
6867
6671
4001
10911
1335
20065
3219
4537
9420
9047
10249
14270
8166
20451
4081
11452
5336
18985
15292
5677
8306
19635
9493
13043
2471
7356
17235
18328
2680
2854
5958
1709
1239
1192
1887
1867
19298
16500
5727
4857
23907
8211
15179
18124
4357
14530
9825
1362
1253
6607
7468
23010
9532
3798
1328
1683
3534
11102
5370
1325
2978
15450
3692
12363
1805
1844
2144
1221
2130
1832
6267
6380
3890
18678
17438
2409
17194
14891
1440
8975
9806
2947
15356
4949
1482
7293
2257
1940
13181
5701
15684
16641
9117
19101
5418
3972
1252
1567
7771
11045
1409
4834
7479
8161
15381
4775
2232
2272
2235
2253
5300
14540
15660
6464
1233
6917
12311
5818
2647
4065
4346
7753
3261
