5954
1441
13612
26487
13124
5303
22138
3272
12976
9719
19919
13960
2520
2507
2526
2330
0
13503
1995
1975
1874
3205
12692
6053
7426
20661
19154
3269
10779
14408
6620
2631
6134
24236
4783
4224
4942
17841
18199
2194
2600
0
18982
0
7928
6963
0
0
0
3882
13743
1983
7265
0
13016
7210
13447
10552
8721
15775
7668
0
1728
6354
0
18684
1286
1312
1253
0
0
0
1286
0
9926
1576
6029
0
2252
10798
17552
0
0
13244
8449
18407
18944
4518
0
0
9240
10744
1791
1772
1849
1800
12361
0
0
17858
6821
20026
5225
1307
2316
12182
3388
0
16013
2787
2815
15786
9967
7992
3376
2367
0
5497
10953
9913
4776
18833
8178
14485
14648
19113
0
5210
12863
16321
20877
8637
2569
3381
15033
1182
2448
2786
3801
3322
3178
0
14599
0
16668
17057
2781
7591
9382
2056
4352
5902
1346
22702
5435
0
16306
21190
0
7395
13913
2904
0
2866
8536
14322
7143
3108
12613
11498
0
9732
0
11657
0
8820
14845
1937
4128
4690
0
0
1700
3423
2466
0
18620
18570
1870
18920
1952
3768
3708
2061
0
3769
5015
3422
11207
19112
1675
0
13542
0
7874
6147
7048
0
12796
0
20722
20862
8179
10811
3974
0
8743
9217
1113
5844
8059
5817
3421
0
11136
6394
0
9492
1158
20163
11846
0
7246
9217
0
10401
4181
0
9597
13751
14133
0
9030
5983
6223
4345
5506
7354
8512
0
1864
1835
8583
15132
16118
1649
26840
13359
7678
14794
0
3218
2249
20303
3025
1657
1630
16940
1609
2611
8597
10933
4682
25512
1710
0
3815
3287
10713
11038
2633
4049
3923
8997
8633
7594
0
28793
17078
3062
10309
22664
0
1738
1697
3864
18174
2760
1301
20171
0
7360
0
0
4469
0
21874
3057
3068
18637
18986
2093
8097
7829
0
1093
5971
4691
6253
4610
2715
3561
6790
2324
2337
0
2137
4971
5096
5039
4837
10066
11910
10025
1292
1557
8696
12801
8861
15569
2739
2751
8945
8624
10309
6548
4795
7498
11713
11366
0
4976
2370
3705
0
1361
7429
3804
4859
12687
4809
12631
7125
0
3704
4293
9703
0
0
3460
0
0
0
0
8756
4791
21773
10628
9889
20881
0
0
6093
9015
13875
6039
0
6625
27126
2058
3541
3978
4762
16515
0
23361
0
4523
2143
1233
1254
0
0
13804
6086
16394
2787
3960
0
0
0
3877
4750
11931
5471
13056
30109
2178
0
2596
1500
2089
11054
4975
5827
13338
7839
6624
8647
39045
1488
18726
3341
0
5934
1745
24132
6105
2744
6004
21036
0
25784
26324
15088
13619
2867
25030
3565
3592
0
0
0
2624
2691
2620
2595
2563
2502
2441
6167
15598
7855
0
9036
14928
0
0
11225
2062
3297
20166
22484
2385
10811
7185
4675
7557
0
13448
14048
3723
5002
4863
6678
3657
10935
4580
7746
14759
0
3768
17796
12539
16837
1037
2912
14558
6362
0
0
0
0
1139
1574
0
1605
1884
2483
9349
17383
17969
6659
4617
0
9051
0
16898
25820
15674
14555
6635
6771
0
11780
0
6528
8321
7737
1847
1791
5665
6003
5861
2689
4981
7832
10399
0
0
0
1921
19433
19492
8062
18677
0
15704
11025
23092
14626
0
3187
1886
6319
0
2309
0
10465
18932
5020
8292
1871
0
4246
4326
6274
6977
0
4332
0
12890
7448
3981
0
0
3472
1011
1967
2003
1755
9922
1881
4761
4768
1114
10014
3758
6503
13991
7232
0
2578
2772
12169
0
0
15387
7405
3485
2930
6954
7222
0
0
1258
5121
11031
1517
0
13052
12146
21853
17896
4528
17230
6250
12007
18828
19146
12495
2794
1056
0
0
7531
3731
3682
10732
21077
3477
24193
3299
19693
0
14847
3819
1903
3157
4012
2125
10994
16054
7790
1896
12140
9994
5804
7099
7032
9605
4965
10474
14617
0
5501
10823
12286
1419
1086
5872
5403
5357
7029
11781
2450
14780
5975
0
7184
14462
0
0
8802
4885
6598
21705
2122
8823
4002
17887
11700
14062
0
1464
1394
0
10491
4696
4704
1397
11101
6461
6311
1062
18143
20578
3281
20299
16302
4606
2727
16834
7851
0
0
6803
17029
2101
3440
3191
0
2356
0
2823
17983
3142
2988
7735
0
5692
4833
5437
3999
1049
13893
3121
11501
12129
7283
18454
0
1332
3381
7914
2183
14560
2130
2829
0
0
3324
6014
1205
0
0
11658
10728
4630
21356
2348
4142
0
12474
17916
19174
13696
19930
0
0
8886
0
2862
5313
17904
0
2378
10553
5583
4343
13767
9289
17189
23330
1555
2547
11487
2084
2376
0
10393
2131
11625
19988
13003
15497
18603
11542
6097
14769
8606
11714
9476
1221
0
8329
0
1600
6997
15323
3357
18912
24899
0
1459
0
0
12247
7006
0
10113
19656
0
9259
5036
6548
2520
15844
4205
0
4515
0
20076
14959
8272
10032
1805
10372
3533
0
11347
6438
10744
5016
24548
10259
0
0
0
0
0
0
0
0
0
0
0
1164
0
14295
4963
1870
9910
3622
3941
15189
6750
22228
10419
10572
0
2128
13119
14304
8949
3598
14100
0
2082
3884
4924
18599
8357
1994
0
0
3012
0
20634
0
9497
0
0
11550
0
18066
10717
4754
12250
5913
16938
18945
5842
16808
7670
2011
14638
5084
2464
4970
8050
1396
0
11900
16067
16634
2020
9897
19688
15338
4696
2767
17606
0
12748
1928
14616
7399
19095
0
19065
2474
3511
3619
0
3131
1197
1141
1206
1070
1181
1191
1196
1209
1213
1207
1183
7857
3490
24366
24447
7742
21936
1092
11281
4031
7690
2037
16085
0
6737
10248
24016
0
0
10808
6529
1996
11309
11055
3621
9107
0
12551
1773
20108
25002
10121
9535
5619
14994
11214
0
0
1266
0
15537
22674
6156
7888
0
20251
3446
13630
0
7817
13584
20739
3302
3356
3597
7052
13729
0
9822
5494
2510
16274
3722
4782
4761
4857
5469
9585
3039
0
15075
6416
7680
3632
4432
4127
2555
1281
2199
0
0
2094
3036
2788
0
0
16193
14729
15483
13208
10261
12114
0
3277
1903
4085
15940
1046
0
18087
0
15142
14596
0
1746
1753
1686
0
0
1598
1575
1596
0
1596
3441
0
4044
3644
9105
15741
7029
6861
1999
9517
12800
19025
10290
6983
14939
13336
8276
0
6908
5253
7145
0
1680
16353
11563
5726
1910
8797
21431
10667
5400
1371
6168
9964
18725
10081
0
4845
7603
3342
2118
6094
13306
3128
5667
0
1944
2026
2032
1995
9049
14617
2641
2687
20133
22975
3691
0
8641
5057
3408
0
1439
0
3735
0
18393
21068
1575
20160
0
9324
1731
1753
1751
1740
13134
2531
12927
4736
7105
16196
0
15833
8136
3430
6261
1590
0
4893
2179
3564
2531
2034
10278
3490
5376
0
1284
1483
24928
8647
2777
2809
14722
3570
17092
11396
19425
1033
7666
1906
2250
11412
8276
12898
0
9026
2130
4244
8637
8505
19538
16168
18948
12140
4370
4502
2407
8511
0
7197
2358
17278
13792
3087
3612
8767
30503
3347
3838
6910
10974
18212
13099
16295
0
13154
7844
6907
1287
12904
0
19162
7153
1880
7469
19470
4133
0
9143
7996
8446
9803
7915
22090
3195
2553
3966
11442
1435
12558
0
4359
3021
4556
1473
7000
6883
13925
1693
8136
1117
0
0
6704
7082
23983
3621
10163
0
12633
20552
0
6181
0
5297
15385
8732
14933
8789
2868
2702
1912
0
4274
0
15868
1487
6108
5144
7097
16110
16728
5784
4095
10450
2532
13949
18728
4374
8819
4191
9303
3907
13113
15832
0
0
12463
0
4676
7135
0
15210
5600
7968
8330
0
3803
16826
9550
15366
7522
7729
13478
0
1231
1226
0
1223
1214
1210
13607
0
2537
2527
2675
22768
0
0
5955
0
25699
11901
15905
1672
5115
1330
1663
1758
7772
27580
23855
0
0
19078
19445
2729
4930
3094
1519
1777
17501
34808
11057
13652
0
3334
19233
9731
0
11874
16973
1831
0
6081
11049
3908
7889
6682
19803
10905
0
3061
8461
3302
14029
3388
8820
10963
5229
8300
15207
0
27990
0
3145
13377
5264
3139
1544
1611
11284
20131
5324
15584
18232
18337
17632
23541
11856
18193
1394
19996
10828
1718
7004
15166
19927
5312
5068
5037
17041
6474
2592
2073
0
0
9762
0
8198
7683
3079
2736
12383
5812
6521
6938
17411
0
1752
2371
12946
6015
9326
3917
0
0
0
7949
10573
11447
16844
0
9308
1062
3486
5551
0
5067
32114
6842
3050
19878
12579
5250
17367
0
16414
4192
11350
9863
9069
13040
2636
6095
0
7337
0
0
0
0
0
7387
8312
8079
5835
2255
0
16930
10274
11864
4361
14241
13258
0
4683
0
0
0
11346
0
3179
8379
8079
0
20207
14041
14679
5140
11401
3603
0
8295
12573
22917
3555
5899
6277
20019
11515
6293
12204
0
4911
25591
4530
19006
9225
11718
19057
12212
15976
0
19224
0
6667
4636
13859
0
4178
0
2197
2173
2087
0
3632
1770
6700
12666
1861
3648
0
0
20670
16663
9784
17348
4452
12545
18172
2927
14766
3044
3367
3363
3328
8050
19854
10981
14019
6233
0
0
6656
0
5876
12184
7688
21609
7606
3644
17283
14561
0
8115
0
17178
15015
21013
0
0
0
21210
19547
0
0
0
20239
2051
0
3417
8498
1415
1454
1379
1421
1423
11201
1369
8761
0
4721
8711
25651
2795
12327
11168
4609
7647
5460
7174
27242
1849
13256
14960
5653
6252
5884
0
10264
0
4141
1093
9103
16160
0
10894
3815
1580
1525
1429
0
24782
19407
2347
21511
6538
0
5034
14309
16343
15485
1569
2768
11580
2729
4344
4138
4691
22168
7282
4585
18085
1264
10054
6108
4211
0
3369
3427
23244
7741
2223
2970
2780
2913
0
5319
0
0
9730
4176
16352
11703
3511
9557
4192
3414
5977
11967
0
0
19535
0
16493
0
0
12237
4853
0
12729
4079
4332
11315
1800
4349
2186
0
5465
7862
18886
8415
1696
5520
2278
3241
6048
9038
16947
9646
9347
3045
0
18752
0
4713
1786
0
5590
0
0
0
2528
18851
0
12994
18674
13089
5955
17483
9335
13395
5097
0
0
0
6696
0
8718
5873
11531
19241
9996
0
2009
0
0
10177
11256
17599
3070
17776
3772
8280
6686
0
3770
8063
12910
10259
13891
0
11816
13730
7163
12253
0
10089
4536
5875
6645
0
1462
5865
0
3667
8336
7342
0
19935
5421
8135
3057
1187
1217
21003
6856
4283
19528
0
0
0
14479
0
2266
2191
12885
1199
1189
0
19248
0
15047
0
3401
8909
0
0
8782
9837
9306
10280
3004
8286
0
2282
17994
14449
0
0
7008
7647
18015
1063
17052
5794
10167
1559
1581
1577
25933
3726
0
0
8916
0
9417
9191
13922
24357
2547
2521
2555
2578
17608
3926
0
5638
1612
26580
16303
7538
7837
2723
0
16346
3340
0
1998
2058
2006
5152
10430
25088
1963
1740
1819
1781
1806
0
0
1786
0
0
7873
13878
6268
0
15764
0
0
5594
9378
9270
7441
1524
18604
3180
3201
3953
6885
14872
10288
14062
11507
0
4523
8235
0
24276
3034
0
8828
11647
7452
2749
5761
14754
14850
0
2249
1310
1970
14797
3485
5472
18301
13922
7966
16660
3375
0
10431
0
0
0
0
0
4128
1801
12637
5480
7584
3563
19512
5360
0
3950
29297
4431
7863
8977
14599
4373
3752
0
12607
21328
0
3806
0
16865
20059
13810
3223
10166
0
6541
10686
5794
4920
7680
15753
3665
7124
23781
1045
3287
3696
9476
3393
0
0
6844
1197
2085
7318
7273
1081
16142
1862
1814
0
17459
8327
7918
4447
3519
4799
9473
3600
8893
0
11015
12051
2526
0
0
31014
6449
0
2649
0
0
15928
0
0
13570
6169
5577
3026
0
9559
4731
0
1612
1616
1581
1129
16615
0
4524
1276
0
5953
0
13526
12098
1238
18443
5560
10050
10196
17441
5468
9342
12313
17344
0
17858
17027
20339
2110
23410
2581
8675
0
7116
10257
7097
6448
11898
5411
3505
0
10258
1362
5163
0
0
2079
4063
6689
1170
0
0
0
0
8747
0
6898
7787
9973
5146
21687
4371
2994
9750
0
5402
14153
0
19572
0
7704
11922
14920
3000
9510
2282
7384
2236
2637
8951
9530
13859
0
0
0
0
3431
2935
6856
5574
17239
5892
16933
0
5963
0
3533
1946
1316
1812
1958
1945
1975
3632
11874
3782
1230
1993
0
6904
15464
6286
12519
5227
30519
13699
5028
0
6408
3004
10832
8354
13570
6257
2126
0
2690
2683
2686
2647
2635
0
13689
17619
0
9107
6496
11000
2394
2352
0
0
26214
3277
3833
8701
4018
7261
8523
16337
0
19235
0
9150
0
0
15338
13040
3461
10860
0
1973
13926
0
20067
0
5736
12979
15228
13995
7229
2998
5709
4851
15431
5133
4642
16603
16658
3668
1473
2206
8815
6695
6211
6881
1021
18756
0
7552
2925
3217
3187
18841
10503
4001
1573
1575
13098
5945
6218
7258
15063
0
1098
1051
1033
0
0
0
0
0
5794
0
0
17356
7628
0
5791
1697
0
9814
0
19556
3911
3914
9475
8020
0
21088
1647
4006
14769
7258
1528
9222
7716
5363
6347
5115
4728
0
2042
2029
2039
20171
9174
7218
2149
0
0
7541
16613
15418
19272
3141
11083
15405
8432
6362
11704
7027
14783
25853
17181
5986
12953
0
12549
14334
1355
2252
3582
1542
9635
8072
4244
0
3307
3387
2423
7305
0
15796
21392
3158
10542
13710
1576
8166
5057
19855
17839
4036
6177
8554
3821
7437
16663
8314
0
0
6658
5520
13156
3803
7253
8349
14065
23194
0
15799
12207
0
0
6614
6102
4928
18028
1466
4318
3383
0
10615
4472
0
0
15195
7450
14555
13188
12486
21830
0
18439
1728
2504
0
1248
0
7175
0
16209
3918
17904
21742
12322
9967
9098
0
9694
3987
0
15241
0
1808
1800
1819
2927
6136
9899
10438
2555
0
0
13694
5660
13588
0
3212
0
0
7600
0
0
1800
0
2771
19216
21768
0
10563
0
8388
1869
1702
6051
13296
0
5201
0
24894
6100
15045
5731
0
13150
0
20309
14964
17239
3841
26459
15818
2147
7004
14432
0
0
10958
1331
11488
1513
3321
14802
7196
2554
9313
7860
2350
2222
10987
7307
1201
19731
11820
11526
2012
3131
2944
15649
24420
2320
13066
0
0
4252
16413
3212
9504
0
15387
5588
10948
5508
19651
5398
15684
19056
17481
10538
0
2030
0
13563
2795
3223
4982
1482
3233
3830
0
15144
10630
2310
0
6572
20602
4574
1020
5157
6835
7666
2668
4249
5950
23446
9019
0
0
5608
2050
2039
2000
2065
12272
17085
15815
4545
13339
3495
9339
2441
9014
11464
0
0
0
22985
8497
11548
3141
3531
0
1512
3366
2980
5391
9906
2628
3026
6945
14530
7971
8740
2546
4190
8678
4010
19508
15042
0
2731
11496
0
0
11341
9618
0
3687
3660
3668
7937
2400
2386
2350
1024
1300
17511
3710
9435
23623
10249
4988
4283
16928
9531
0
1917
2525
2285
9294
10325
2057
0
24605
0
0
4983
18217
7527
4859
13564
2085
13047
6471
14640
3539
0
2210
19097
5764
4916
0
7555
14416
14876
4438
8122
5262
7836
0
5908
13377
0
0
0
0
0
0
4777
7427
2693
7282
0
5545
9860
13842
1310
1310
1301
1287
1283
0
14820
0
5543
10062
3517
12304
14042
2789
9499
8450
17000
0
9745
2706
15515
4166
21617
9142
0
1951
0
1811
0
13703
5867
5717
19503
0
8710
3430
1155
1194
1197
1199
1091
6625
10148
4819
9933
14426
13379
7079
7334
10618
7494
7046
1840
7823
8302
17301
26358
7607
4027
0
7769
0
13632
18210
7124
7913
1550
2280
2282
1866
7947
0
0
15920
5441
0
0
10057
5162
10822
1912
1816
1889
7605
4672
16234
0
2815
17589
6152
3148
0
19027
20919
1834
17638
14856
6250
8857
2277
17407
9463
18957
1631
0
15913
1660
0
4142
4232
5028
2052
1457
0
4779
6187
16444
11472
20802
0
0
13108
8900
4281
11479
13442
2599
0
12544
14006
5562
15762
2691
0
20065
8553
1878
3079
11158
5946
3997
3731
3695
0
7148
0
1473
1747
1773
1745
2753
8100
12825
22507
2670
11100
10529
10313
5864
13672
0
0
0
8340
10051
5293
5367
9928
3878
3898
3342
7270
24568
3068
2494
16176
10376
4536
0
9436
0
10656
30876
13063
2429
21103
10347
2655
6802
9341
4356
6577
7489
28596
15395
1340
9783
2195
10098
3286
0
1945
5731
0
13318
0
7351
0
17484
0
16583
8628
0
0
1259
1418
1397
1413
1402
0
0
12422
13610
7932
11650
12766
9430
3537
7013
16864
7843
4404
7772
1020
6054
14111
26783
12728
22966
3722
7296
2736
12324
6224
0
0
15577
0
17445
8802
11115
0
0
18028
12432
13205
0
8024
3506
13744
3341
7211
24737
5197
0
13063
10363
5438
0
9875
24161
16551
8398
7620
9642
0
0
1395
4901
4893
3931
3115
3481
0
1833
1829
1832
3373
6336
4408
14833
19564
3107
3801
17223
16602
5073
13028
15911
28822
1389
2087
9186
17726
2064
19428
0
4322
12684
4707
8070
11863
3715
0
10818
0
0
2559
5426
13274
2862
4720
1090
17379
11568
2843
10400
16709
7560
7109
0
1060
8931
0
5547
7864
21880
14415
10994
10988
15331
0
2965
2693
3066
0
19436
5569
13873
8869
19209
6703
16597
21646
11475
1440
3415
7379
2251
1942
4505
19535
13148
10740
7792
11829
1807
2026
7368
6726
7584
5589
0
3543
1934
3278
0
9463
0
0
0
1329
20135
23069
6117
5116
7553
1985
1985
0
22703
20150
0
3203
0
1898
18827
9500
7738
10790
9532
10413
10445
2081
18641
5170
19820
13368
21120
9786
12820
5443
9085
11244
9511
19993
4420
8512
0
15733
0
3860
8922
13541
12095
15361
6900
9423
14570
9391
3329
0
4388
0
7527
18041
5586
0
0
13411
10187
2060
3937
6857
0
20721
13853
2752
14000
23376
7559
3059
3082
14839
17678
3497
6692
2233
15943
11048
11835
0
7681
11282
0
18287
6113
17872
6187
2757
8321
3628
0
2876
1315
4573
1971
14639
11660
0
19899
4452
2328
3849
3063
20249
0
13938
18249
2573
0
3174
15784
5071
11846
3400
0
6072
18640
4551
0
19962
6820
4318
13475
2856
6186
3689
5170
1881
5988
0
6081
0
16707
21744
5840
9860
10969
16454
5743
10371
18118
4848
3240
1727
5749
18955
1041
11655
0
12608
14017
11498
20463
2434
5734
7316
3790
4545
19597
0
27018
11631
4912
11841
19979
10733
0
16905
22246
18042
2817
2882
2886
14170
10032
10526
16138
0
0
5357
0
3061
2827
2815
2191
19718
6478
11671
4121
8947
2347
0
9295
6133
6272
4955
2600
0
11602
0
0
14836
9234
12038
22160
16629
10127
2816
1324
15755
13890
2103
0
6131
8841
8963
6895
0
5995
4828
12455
9732
6897
9296
3963
3974
8315
0
18067
18506
4232
0
9585
9134
7303
8867
0
1363
1348
1314
1321
1371
1286
13357
7890
4691
15661
2278
24534
14616
0
6833
18208
0
12919
3025
7499
0
0
12302
11137
12188
0
2743
15151
13291
5237
4376
19150
6321
0
17773
1820
2586
19860
7644
8236
9067
16337
11193
0
13418
11989
8823
5069
1972
1971
1902
2077
6413
6274
1824
0
15436
12109
1836
5799
0
0
9959
0
0
1378
5664
8103
2503
4183
0
2391
2428
2422
2429
2423
3255
2735
0
9549
2910
21492
7919
0
4403
8251
6446
6803
19286
0
2048
8352
11619
5360
0
10135
0
2885
0
3199
3102
3124
9521
9311
0
0
2976
5755
0
19790
11668
2048
0
0
3688
0
4420
5312
2496
10473
14262
9453
22247
3263
3513
17069
0
0
15291
22233
7038
2446
1381
5480
9286
6062
2840
6092
0
1628
4646
0
0
16639
15059
2266
12430
0
21031
9868
8349
6514
5037
0
4694
19344
7948
2853
4980
14058
9936
10582
0
18901
8858
11659
7026
12280
4711
0
0
12381
9040
15970
15051
4700
7229
0
16506
0
15038
2683
11364
0
14569
10423
0
0
7558
3501
25501
10249
5374
6085
2004
9705
0
0
4797
4752
5066
6506
15657
4183
2306
1854
1830
1838
0
0
0
10225
0
9533
9984
0
6126
0
6837
1084
5207
5986
1915
5761
11563
15770
9325
0
19051
19113
5733
21223
0
15037
3193
16118
8848
16850
7263
3806
14504
1913
5204
15551
6414
16811
1605
0
8897
0
2985
0
0
0
13259
2659
9068
11295
3850
3135
0
3292
4246
16155
12451
3671
3691
3644
13013
10277
4029
10910
4743
2163
0
2682
6301
14504
0
0
0
11813
1983
9527
0
0
0
0
0
13671
18118
0
19422
12036
9529
1717
2171
2177
12969
6201
7378
0
4437
2139
0
0
3002
11197
2637
12925
18999
12705
5883
5125
17972
0
1783
0
7853
10612
0
0
6402
6698
5382
0
17574
1605
5108
0
3477
16719
6640
0
17781
11359
17516
0
2374
9125
3532
10983
0
0
5186
1619
0
4346
0
11738
2371
16619
0
20467
5368
16317
14433
21347
12201
3488
4539
3533
1646
2546
1933
3093
4172
21115
2117
19583
6643
3922
20646
8565
6278
19801
12659
6745
10211
8246
3025
0
5936
14404
13301
4271
1067
27119
14582
5578
6200
3486
5065
5564
6313
0
3050
8897
0
0
8544
16801
3754
3230
11316
23721
0
5951
15131
6781
20098
0
1438
12996
5111
18223
11078
15986
10630
1633
4699
10011
1839
7600
2676
2604
2496
19241
0
8403
2275
2521
2605
2594
11886
2917
0
7149
11834
7695
9681
8454
14176
22159
13281
7048
0
1584
1523
1589
0
15746
3304
2639
0
0
9506
1517
10864
10825
1075
10490
5953
10695
7380
25328
7434
2169
9863
3121
19139
9470
8232
10800
10422
7765
13189
4111
2741
2724
2704
11427
8036
7928
13556
4374
27819
14444
4414
0
16645
0
0
0
9496
2940
11962
6066
1275
5220
9193
6827
14249
2002
1051
22372
10575
9674
12441
15415
0
6537
0
2847
7016
20186
0
26558
4261
5487
1941
3130
9638
7583
11787
10978
0
0
5358
6558
5716
12179
1850
1813
5091
10960
15218
23804
4183
17537
1887
14024
10237
15231
10278
9732
9278
1698
7176
16031
10182
0
21336
11358
10488
6784
12111
3834
3876
6381
0
0
18271
0
10331
19054
21257
14879
0
3765
1182
3542
15133
4077
0
12485
0
0
0
7317
10784
10685
4065
0
11558
1523
3132
15804
2710
18865
16021
19048
5476
2353
2390
1978
15233
9883
2895
0
0
6493
0
0
6902
0
15395
0
3000
3170
0
8038
0
22191
0
1088
1668
13125
0
2780
14749
11047
9475
13826
1676
9855
8147
7236
2198
2274
2292
6241
19342
4421
2795
15043
11585
5240
9598
6441
16276
16203
6028
9518
9900
0
0
8647
0
3557
13053
2071
13010
0
18081
2593
0
3672
24785
7961
9261
2015
1974
2026
3783
9106
0
7108
1184
1235
1251
1223
0
9361
2306
7547
17292
0
12251
12117
0
4596
10817
1339
0
10601
4302
15064
3979
2761
1012
1413
0
0
11312
4220
8819
19313
3860
13608
1531
3613
7153
9123
19481
12990
3529
17226
0
0
3919
19212
19124
1240
13356
0
2748
2650
4910
2018
2479
0
15246
4972
0
3847
13222
13892
19268
1118
15720
2173
1885
16828
0
0
11822
13704
9032
0
2609
8471
7317
15980
2203
16718
7045
1468
2652
26170
3285
3607
0
1482
4584
11190
12641
16482
17162
10913
17650
11663
20984
2411
10331
11043
12032
12482
16149
4777
0
8128
6803
21089
16906
0
1303
3858
17395
0
6362
0
11400
4385
2232
14657
4102
11093
21722
19913
7644
19110
3695
2321
2285
5220
9800
10893
0
6402
0
5279
2888
11981
0
20088
6434
0
4401
18613
0
0
0
3178
1985
20566
0
10771
15647
1407
2491
22124
22373
11690
11740
1466
1305
1469
1450
1454
1449
1482
2558
13332
0
0
10452
2361
0
24736
6772
13085
7203
16311
12800
13462
4007
3893
5658
10585
0
22149
15094
12035
0
6921
14014
0
6469
0
35977
0
0
0
0
0
0
4234
3366
3465
2419
5538
0
8330
11467
2974
2902
2952
0
4689
0
15347
7616
6458
7135
3681
4184
8560
0
1537
18932
3222
2048
1871
14957
19144
22408
17129
10296
7371
0
9914
14601
9586
0
6598
3913
10609
2414
12041
0
6127
12782
6891
0
10648
2882
7701
18672
3833
13243
9773
0
7934
3973
13884
2003
20072
29449
14930
12892
4437
6327
0
1704
18216
14267
12427
8845
4631
4006
8664
6237
3337
0
6409
3868
12707
12234
0
20753
0
17382
7022
8624
0
0
4936
4437
4890
1772
0
12053
5661
12316
15312
3713
10596
3867
10308
7652
5687
9712
14358
15250
0
7615
13804
0
3620
5631
4912
5349
14986
2741
4862
4865
7004
14032
2628
15972
3175
7720
9494
11804
6400
3668
3778
5923
3053
7535
7647
18419
15595
12599
0
3664
10678
15578
10786
18678
8181
0
2344
2418
0
0
5341
6970
0
2661
0
1687
1683
1712
1711
1681
27059
9535
16517
8291
8419
4339
23136
0
2690
3282
8570
5389
0
0
0
0
15381
15577
2387
2439
2345
0
1081
1079
16797
4089
0
0
1006
6782
4783
17259
0
13076
11556
2643
0
0
2523
2512
0
0
0
0
0
0
0
2298
4653
9311
3540
15115
23453
0
8912
4559
8006
15256
1496
3348
6235
1034
0
6264
0
0
0
0
0
12650
6334
12282
21357
0
19550
2601
5511
21804
6748
10444
0
2427
2395
2421
1439
0
21713
2209
21079
7551
7015
1127
8648
0
8861
0
4198
8490
18970
14055
4707
16598
16321
12631
17124
8090
2264
10532
4358
0
3653
2422
9773
4366
4374
10057
9567
7849
25568
12769
16743
23227
5072
19514
5638
0
1056
0
2117
3359
0
6105
15644
0
5912
11178
0
0
10286
10695
4749
11948
20163
2426
1861
13597
3018
22731
3448
0
0
10047
9112
7854
0
18906
19149
3422
0
4774
20700
8393
8654
2215
25621
0
5912
3730
0
0
0
5051
11668
20896
9693
9460
20146
1411
3912
0
2855
20838
5134
19533
6760
1581
14492
0
17606
21846
1935
10763
10459
12283
4624
4789
0
3524
14090
2657
15070
3573
1708
1374
22161
15016
1508
0
10659
7753
10040
6627
3246
0
9944
6354
6926
1318
0
0
16649
10501
6664
6421
16399
0
3143
16229
15597
8937
13160
2550
26627
25966
23762
6575
20901
3991
1952
1924
0
14872
0
0
18095
2639
28018
4359
6122
1203
0
23165
20978
2001
6225
1261
5758
10430
8607
20395
1334
3924
7072
25427
5967
0
11254
0
7614
0
5728
8657
17300
0
2708
7287
11251
10689
4199
6486
2060
3606
7221
21199
9265
0
27502
0
12315
4493
11427
7201
3914
3654
3298
20687
0
2316
0
2663
0
10331
15926
17280
17557
7432
7810
1264
14643
2595
1785
1797
1635
2693
5766
7627
11783
17857
18666
17167
0
0
1843
13030
0
20028
0
15322
9179
8340
5984
2888
3869
15945
13712
11015
6713
0
7377
5311
14351
16539
4501
0
13379
4024
0
18899
2246
0
1353
1365
1359
1362
1319
1319
1310
10909
30685
2686
12222
13579
14046
5654
0
11309
0
2053
3121
4052
7738
7810
18362
6665
19345
5482
4854
0
4462
21462
13443
0
5003
6343
8204
12465
8849
1246
3437
7172
0
0
20941
13311
17256
0
0
0
15879
6548
5011
8075
0
4918
12335
20056
4766
3375
7853
7803
0
1361
4192
4668
12403
3218
17912
5133
3772
14499
14775
5025
2265
3604
16889
18841
1545
1517
1293
1279
32430
6948
11554
6707
12261
20489
2264
4674
3935
20389
9086
8678
3714
0
17141
8167
3593
0
0
16998
7878
12268
1244
0
0
2424
0
0
3863
8009
2536
12274
1582
12767
13671
8216
20734
20549
16110
2272
9631
19737
9195
14647
1061
1599
0
8622
4795
15084
9297
17328
0
7017
3707
21395
13394
15123
6042
0
3792
3286
3282
16860
5150
1654
0
1133
1187
2957
18921
10014
0
17234
11750
8017
0
0
6940
0
15033
3092
1892
0
4133
14262
5944
0
18943
8714
0
13427
10144
10594
7759
0
2867
9404
2975
4722
12924
22917
23119
12254
0
16716
18447
0
0
8317
10639
3137
3180
15010
0
0
0
3297
3310
3210
0
6166
12646
6037
6307
0
4862
3288
8930
6895
8890
0
0
0
12180
0
3241
4534
0
2789
4883
6344
20056
13881
12682
1770
14906
5506
0
11508
3839
0
4418
7047
1810
1775
11636
14678
16836
5262
10319
8929
8942
8314
0
2818
18057
5898
18528
3092
1690
2320
15125
1902
0
10120
4075
0
0
12748
1753
10657
5805
4332
22982
3648
12216
0
11019
3055
1131
0
14863
10365
8385
2783
3314
1819
21556
11498
0
7352
2394
2366
0
10387
2859
0
6838
2942
1724
1724
1732
1700
3497
7600
17446
5978
3807
7043
5842
2574
16018
0
4748
0
3768
0
9572
1777
2413
11473
4342
0
12736
12421
8518
11892
0
2072
3909
18805
11421
3044
7134
6873
7360
2779
0
4967
7421
13177
20906
7843
2612
19060
4192
6673
5237
0
6177
1056
1032
1061
1069
1036
6368
1149
1232
1208
12892
0
12409
19935
3365
6589
0
6767
9085
0
18365
8018
0
9628
3671
6705
0
16362
4815
4802
18638
1662
7452
0
5450
11697
3700
12493
2594
1596
1492
1499
6590
8360
0
11845
16263
0
0
0
12243
5248
14283
15714
7719
2012
4765
0
0
7571
6289
6179
4121
3318
19504
0
5302
2651
0
9085
0
5478
13885
2948
2959
2940
0
6698
6465
9334
2132
1930
2009
10001
1385
0
1530
11203
9938
11626
11892
9398
5428
19323
7221
7249
17515
0
25083
0
2073
4436
0
13702
3977
15982
12367
10363
8759
4148
8551
3781
13430
10874
3109
3103
7189
9800
7885
5907
0
6430
7683
6937
0
0
0
19199
13040
1982
1998
1971
1978
1374
15627
13731
6187
0
3617
0
9476
4884
9951
8210
7893
12507
1076
19281
3548
13918
3389
2596
2337
0
0
2157
2219
0
8636
0
13596
10149
10618
0
8142
11489
11833
5849
18532
1960
1966
1938
1963
0
14572
14167
17155
1408
10197
4937
1204
1128
3364
9813
3887
0
3878
6869
9308
13014
1823
5588
6342
9106
17837
6688
7637
8345
4243
10121
11880
4478
9316
6418
13958
4425
9191
4763
11804
16639
9817
34769
9957
11605
5371
1163
19810
19071
7659
0
9924
6868
2413
4888
0
6782
15351
6350
11711
0
5478
9428
0
9904
3149
18038
7534
5449
8490
1770
2768
0
14957
8849
1619
0
7655
2849
16248
0
15779
16146
17767
2058
2045
1478
1602
2662
2084
2105
1989
2065
2050
5416
2382
14734
0
6196
7211
2458
13920
7021
3381
0
6311
13119
1021
1970
22023
8802
4013
5471
8066
5875
3445
3414
6210
7052
7063
2269
1369
6963
1914
7762
27183
2796
1164
15054
3126
3514
4780
0
7153
0
0
25699
3246
4651
19464
2322
14546
13976
13999
17655
6844
14771
3831
14039
16487
21713
10801
7052
13190
0
0
13989
18692
1756
6872
0
5226
9736
10309
1073
2474
5629
0
0
8400
13483
0
21370
4371
4104
0
18570
6743
5046
2961
15262
5786
6259
3580
14263
20571
0
0
11144
2937
2616
6021
1442
6834
18631
8607
14620
12944
3137
17043
13254
16226
9727
6179
17748
7613
10782
11584
1975
2773
13943
4104
10595
0
0
10886
0
0
12282
12743
18604
20202
8482
17319
15007
7574
3269
8255
6185
11522
14916
10418
1791
14233
22064
2210
3398
7780
8883
2931
3203
19290
1034
5074
4420
17095
2535
7120
1603
0
6674
23446
14876
3965
2708
2675
0
2100
2091
2284
10459
9483
2454
20241
2835
10937
4854
2135
2118
2169
12784
9508
15464
13225
0
1462
1074
22561
0
2625
2600
7227
4099
28622
22343
1191
0
0
0
0
9961
2204
2225
2242
0
5627
20835
0
2888
18435
11328
8236
9715
0
26837
5118
3702
18476
2272
2208
2268
13770
16383
13064
2626
3694
0
17328
17178
10890
9952
7680
4547
4759
17557
0
18088
1593
9595
5554
12123
1919
1229
0
6352
7232
5617
10384
5385
15790
5892
17852
5078
20581
2707
2619
2617
2667
0
0
14018
0
0
0
7765
6700
1927
1255
11472
0
7471
6759
11354
1629
14285
3710
7518
4375
11739
2060
3658
2947
16571
2636
2729
2677
2633
14587
7033
7141
0
0
0
0
7586
2219
2171
3580
1787
3798
5139
0
8311
17968
12747
0
5078
11622
6029
20194
18503
0
9223
13885
14059
1477
15966
9537
17413
0
0
4029
4034
1019
8813
5066
3291
20967
7169
19461
4036
18975
5158
2721
17120
18972
6832
1166
1200
1069
0
0
14398
25233
2908
23562
8194
21285
3344
6603
18840
24916
9265
10854
6482
9762
4436
11892
4942
4315
0
7146
0
10118
1207
1409
10814
8107
0
2833
8928
0
0
1759
8525
14457
10669
0
17878
17128
15730
0
12100
0
13841
4242
10846
3973
6748
24963
0
13888
2263
0
3390
13320
2575
1323
4605
11871
0
8964
19101
6716
0
12913
12331
20236
0
7574
2404
0
18085
2652
14673
2048
0
9204
6186
5327
15756
5539
13802
15585
7149
4407
6514
5673
16291
5034
16791
19476
13361
11678
17186
14408
17575
0
1969
1035
9064
16242
6980
0
18000
15834
0
1139
13693
8115
7142
0
0
12159
6245
1186
1228
1035
1224
1176
0
0
19466
10726
7035
21230
1115
1123
1094
1119
1119
16913
0
3145
7565
6232
4190
2895
2755
4660
4926
4352
2319
11915
0
5885
19564
13139
0
7960
5984
6815
12089
0
13232
13432
4112
1402
1634
1645
1624
0
0
11020
11000
0
3769
19345
0
8031
7617
5874
5012
10175
0
12522
0
10014
18112
9821
3122
0
3802
0
8515
16795
14068
3176
0
3420
0
0
0
15917
23971
2925
5948
3074
7749
2595
2580
1743
1526
7408
2904
1636
8792
11726
20168
10958
9758
7796
2820
13378
3886
10963
2503
22521
5519
11426
0
0
10410
0
0
6785
10348
18019
6139
4388
8894
1542
2022
19451
17071
2682
0
10524
0
0
14955
11075
7092
0
10645
23715
1788
1817
1831
1808
8549
6729
14800
13406
0
15056
3850
0
7778
4609
16575
12402
2566
12907
12702
18505
0
4515
3599
13782
4290
2153
6505
13799
13669
7993
0
6338
0
2971
0
0
17070
19102
15229
4519
21133
10691
18449
6480
7904
14218
15301
4937
4828
2931
0
6826
0
5260
17440
15500
0
4878
7336
0
4309
5344
6042
0
4209
15805
14011
9303
4080
0
1632
19933
8146
20142
0
2964
2986
2962
14738
0
0
0
8202
7560
14418
3131
8430
1655
2428
0
4283
7005
16000
7454
15217
11493
1594
1823
10989
1281
1274
0
8782
1348
0
7991
14299
10107
2252
9885
8532
8170
17109
3614
5045
0
10389
7530
25878
5007
3400
0
0
5603
14596
0
0
9466
20965
1924
19405
0
0
0
16104
7814
15364
8507
2276
0
1579
4755
1681
17414
3465
4705
0
6468
4277
1129
0
16021
12921
3436
6397
2357
10178
6795
17590
11680
20744
0
6057
0
11065
8601
9721
9878
0
2363
13465
16043
1321
1351
1347
5444
0
4389
4990
2183
18682
2296
10474
10810
0
6757
11323
3004
2985
10110
6270
22769
9230
9304
0
13870
3888
4675
0
1313
1268
1936
0
18187
1408
1448
1415
1416
1390
0
5748
3335
8190
19026
14482
14231
14331
0
20866
5395
3298
14101
16249
7008
4926
3643
1072
0
0
0
9856
2346
7341
0
1878
8970
9936
0
9124
11836
6420
0
12517
7185
0
17553
10939
11714
0
9614
5770
10101
16707
12773
2693
1490
1367
1507
10292
19600
9900
6030
3442
0
0
21102
0
11790
0
7861
0
14218
4019
6127
8341
3444
11472
10488
8345
21364
6022
14157
3767
11522
1342
1172
0
1987
19304
12931
18808
17045
2833
0
5745
2754
0
14103
2800
2807
2789
0
0
8785
13321
6855
2317
20599
13208
4318
11098
9445
8039
4039
8892
0
20135
3442
20397
0
3630
2950
7535
9918
1430
0
21935
10725
2730
22078
9100
9560
15965
3059
0
12997
0
22532
11350
0
16350
0
3375
3229
0
0
17754
11972
5795
11854
18621
0
0
0
0
0
0
0
6944
4930
8789
0
4037
0
5591
0
10507
15994
1570
17533
5760
5843
5853
14997
8656
10339
12973
4774
10330
17639
5655
0
0
1765
3707
12279
3430
1013
9278
12881
5248
21219
7487
2400
7481
17140
2111
2781
10572
17130
0
0
1761
1413
4977
4499
9239
2746
1264
4213
2218
23164
0
14990
0
0
6217
2283
18447
15285
12318
17449
3508
4731
2864
3984
10566
9928
0
3035
0
0
12271
0
2195
13854
5934
5647
8324
0
9931
0
2198
5847
13842
0
16456
0
1182
1212
1734
11284
0
5361
6298
12366
9018
9011
1398
5432
5678
0
3705
20628
2812
3933
11733
2564
15433
13451
11296
3225
11304
7398
2678
0
0
14185
18454
13648
13937
13317
13019
0
0
11618
25671
17981
18815
8488
13711
4075
18475
0
4552
9453
0
0
19840
10659
3156
3143
8926
8202
4744
17455
2431
2411
0
2123
8189
8780
9066
3615
11085
6582
14944
0
0
8700
2628
15687
7743
3584
3345
2805
11250
1140
15256
6441
3679
4721
6609
17513
4915
8831
4967
0
6254
0
2379
2247
12101
6273
7295
3958
4919
1003
7571
1872
0
11412
1394
4852
0
13639
0
0
0
15131
21284
1380
0
0
17896
0
0
13759
0
1321
0
0
11319
5572
0
10250
12605
23779
8510
3654
0
4388
11140
0
6730
0
2386
4676
4702
0
0
8321
0
12620
2959
0
9477
5077
5266
8127
16698
10127
1621
15525
0
11853
17852
2483
7440
14883
12060
11469
13607
10802
0
12590
8247
0
6050
3715
0
18869
15786
12877
2300
0
0
20978
4022
5897
16125
9134
22986
2397
2256
9752
14729
27001
11062
13293
7379
1831
7902
11993
12432
9568
13128
11246
20019
1146
15806
21637
0
7401
9532
10057
12598
9948
16316
11841
5413
0
12862
17981
1490
15249
0
17933
9384
17199
0
0
0
0
11117
2830
0
10489
0
6574
18655
1315
14536
22570
2174
0
6356
6540
3551
3388
2183
13417
15854
26069
0
0
12390
11502
0
0
2186
0
0
1362
0
2237
2271
2265
0
3327
17193
0
17281
12965
3474
5621
14058
11260
5067
20575
2245
3260
14240
4915
2510
17885
1047
1154
0
0
13734
19279
20972
7192
8085
3303
0
0
0
0
3990
17615
2130
15391
2878
0
2651
3719
7582
15510
12215
7732
0
8147
4149
2447
0
0
1513
8718
1679
8661
10082
22844
1653
1615
7577
2859
6511
6755
3032
0
0
6000
0
1428
14360
1007
0
1513
7773
8332
11443
6160
15650
8527
7213
0
21437
15612
6553
5670
5943
0
1736
7946
17529
0
0
2459
0
0
3184
0
5187
11675
25162
15922
6848
7452
2664
2685
0
13987
17805
17802
8867
16234
0
0
5402
0
1985
1952
0
2269
10239
11491
5065
8030
0
13134
11959
2573
2360
7157
6694
0
9569
0
17387
8878
15638
13032
4997
0
3394
0
4065
0
13125
8653
7180
9421
0
0
8426
2732
0
1481
4938
4098
2184
11918
11288
1328
18867
9004
2655
13007
6880
8267
15448
6840
16850
2140
4329
7902
4386
10304
11723
13193
22083
13729
3003
0
4255
5463
4782
5322
1246
0
7408
0
15217
0
18758
14155
8260
3200
4177
20211
15403
3017
5868
0
0
9535
6221
17789
1325
20131
0
4650
4097
15165
0
0
20561
7307
3355
10653
8199
4014
9654
19584
7730
14081
7294
8436
8826
5855
13377
1441
10997
8477
0
8974
4154
11115
20143
15541
24945
0
16431
6042
0
2014
9592
11140
20124
4809
6378
5631
8808
17665
16337
8269
4819
7908
5244
10171
7797
3841
0
3359
7149
8684
0
2022
0
8458
0
14178
0
4811
17462
11217
3068
8686
21876
0
3567
9651
1979
0
1441
20773
9680
15040
16781
5232
5409
3309
0
0
13808
8490
9624
0
20233
15594
13518
3228
25504
18055
11587
19732
0
11784
4985
7745
7457
0
9849
4511
0
13403
12711
5316
7008
0
4441
0
10234
0
1919
15430
11242
7542
0
0
0
4265
19563
0
11573
2411
2253
3393
1113
5016
0
2430
0
13149
22260
10881
15594
2229
3662
3662
16059
22843
6275
3056
11102
5430
7894
18415
8147
8674
3652
13916
1845
9273
3420
2406
7690
6061
1057
7211
0
1071
22753
19300
6129
0
11615
15272
10036
0
0
10441
2267
4005
8821
12266
5003
1601
10212
17856
6218
0
18975
9785
0
1332
1422
2183
2885
1932
1883
1932
9996
3381
8023
6185
3634
5058
2695
1570
6462
9723
15824
15891
5357
12154
14313
8503
6984
0
6297
11671
11096
3484
2418
2350
2393
2418
2348
1892
1063
2219
6421
3938
11535
8060
20841
0
6451
1771
11385
0
0
2406
19778
1161
0
0
10590
13454
3270
2247
12268
2904
13972
17052
15722
2570
12061
0
3579
5987
1303
1297
1315
1329
1307
1314
1263
7849
17495
15217
7758
0
4763
0
16354
8890
10635
2237
4347
20491
10183
16568
0
17659
5792
14935
17304
11205
8523
2730
15168
9429
8913
5812
5426
6087
10950
4668
11223
18028
0
0
8839
8184
0
21248
6942
10103
15362
9953
11363
6778
0
0
10857
15102
2083
4972
0
23347
8884
16980
3911
9467
15732
0
16265
12455
6756
6558
5063
0
1592
6418
6442
0
0
13276
3239
16428
0
0
0
2305
2286
22268
0
2613
8073
0
22227
13225
5009
9052
12073
6866
1280
1307
1298
1343
1292
1963
0
0
8048
6688
0
5425
0
18015
0
7335
0
1520
6589
10936
2886
22794
14017
6262
4019
19007
5451
13813
20925
2138
3444
15274
9063
1900
1437
2616
2217
17613
6833
0
9300
36299
1863
2205
9178
2535
2072
1381
0
7094
8704
0
9083
11279
20323
24508
31620
17101
0
2632
0
26622
0
10697
0
2905
0
0
14546
0
17094
10336
10322
13657
0
0
9595
6672
13151
8396
0
0
14720
11430
0
0
9413
14922
12495
0
10222
2407
2318
2196
2311
2786
17892
3586
0
0
0
6036
8974
0
0
19162
0
20705
12029
14317
3927
7569
22414
9684
5196
0
2909
17577
5295
1335
1093
11405
2821
4270
0
4173
4851
0
2038
14689
0
0
15550
1193
3599
4198
6812
8756
13168
3712
7102
6207
3482
18083
3222
14785
5093
1131
10927
6610
0
13809
20958
17564
9002
2374
4723
3333
5238
0
13020
7533
16636
19378
4646
0
0
0
10387
1359
4450
18955
4389
1702
0
19665
4098
10005
3638
5437
6023
0
2629
2635
2578
2622
1446
7690
23174
10344
1329
2260
13996
1267
4015
14931
5674
0
9907
5006
7368
5299
17067
0
10716
9241
17126
15293
1085
0
26110
0
0
0
2774
2812
2773
2797
1991
15185
15854
11957
1627
5324
2097
7243
7272
2950
2723
9100
5551
0
4570
7795
12572
9075
10569
6331
10451
0
0
0
6757
2028
0
6345
5525
7937
0
0
4359
16746
9955
2321
4665
10280
8123
7409
0
5189
3599
16677
19787
5582
15820
0
0
17110
13448
0
0
0
5144
11205
3738
12721
6750
3499
27432
8136
3375
21593
2398
3177
9065
12334
1585
3575
1012
7898
4412
0
0
7413
2562
23906
6280
7036
10543
0
5038
4006
16190
2519
16996
5444
10408
24022
10631
0
1095
0
0
12428
4426
3282
0
0
18732
17701
9306
15034
3022
0
3874
0
14914
3178
12839
19626
14078
20361
3763
3645
1301
6769
13176
1822
13950
15626
7481
0
14544
0
24669
0
9872
0
6985
7642
2453
13301
20098
11523
7185
12888
8808
16575
3379
7393
4317
8802
4825
9244
9366
0
10989
17992
3358
8341
0
0
1367
0
4733
9477
0
1784
14412
7053
19779
0
5055
12099
5221
14033
19529
0
0
1797
1835
1736
23160
6531
0
5441
16307
27976
21701
4919
0
0
1969
0
0
9000
5605
9314
0
2444
3214
0
15863
12898
0
0
6974
4136
0
7683
22374
0
16256
14790
19861
20389
1991
0
1931
9700
6768
22042
18927
6832
4555
11917
3455
1318
13783
5341
17585
7974
18068
9777
5328
4479
11842
8074
18277
2920
2202
1391
11591
0
10555
0
3884
14799
6368
2998
2686
12181
16371
7038
1597
19046
0
3073
3116
3096
3075
4302
1353
0
18304
1188
10907
17565
15179
5485
5457
0
4412
12921
0
0
0
1672
1517
0
0
0
7739
14228
10018
11704
8511
1180
6718
10790
8389
10896
5244
5799
1098
11176
18802
1069
3557
9562
15373
17215
5197
2175
2135
11871
0
3653
19151
3533
0
12739
1458
17221
3292
5230
14985
2406
2430
7666
1878
2523
0
0
0
4717
16576
0
2400
2458
1598
4579
4904
22387
9785
2265
0
0
0
7261
0
13751
7926
0
0
13644
6795
4222
17842
16840
6555
4052
4109
11496
7475
0
11026
0
0
1107
15553
9118
0
4410
2750
18179
12798
0
2971
11538
3639
17869
3290
14253
3430
12464
5107
5683
13939
7469
18847
13140
0
5011
7129
12223
13728
0
4652
17290
8755
0
0
1060
7371
4528
6310
3294
10801
16934
11155
0
13779
4038
2167
15993
3302
0
0
11211
5896
5590
8760
0
2339
2303
2366
1446
1498
6925
7945
2598
4351
2871
19482
1507
10617
7133
7951
10765
21465
5115
8040
8936
23624
0
11167
0
0
2179
5865
1573
4469
20878
3715
2127
2138
15520
1258
1333
0
27939
17686
13599
10632
9593
1244
0
1521
1293
21947
22219
23804
18524
8282
4647
4389
10871
1421
14391
9466
19019
2883
4630
0
14675
0
9527
0
0
3158
11356
0
0
4606
5501
0
15460
0
2461
17987
8052
10828
2045
15439
9534
11640
12562
1998
18540
0
1852
14882
12535
8188
13486
0
0
7418
19003
0
3749
0
2233
2245
2208
5391
7295
0
0
1595
3086
10769
2514
2611
5536
4682
4706
23574
9446
9751
19327
14052
14312
2119
2101
2115
2067
2079
0
0
4806
6082
19233
10272
7526
3197
0
2512
22766
5208
8960
12386
10351
19543
15785
4958
2777
9876
9751
0
4433
3640
17641
6371
0
9741
18360
7930
23411
1033
5187
10952
0
9110
2932
5839
3446
0
2127
2158
0
4933
2769
1318
1603
1995
2074
19311
7473
17109
11436
11534
8348
14221
10585
2039
17745
7153
6301
14257
3827
0
8579
14119
0
3490
2192
10472
9960
10189
14455
18826
15758
0
2266
0
8339
0
18074
7670
0
0
4103
23825
5344
23975
1761
9750
0
8994
7905
20813
5314
0
0
3075
0
10968
11994
4441
0
7847
0
19946
0
3089
12072
0
3645
3672
2391
15512
15207
4478
13624
3694
3429
12309
2622
5241
9224
2066
6799
19112
18122
6671
7634
6929
24747
15445
3361
17344
0
9206
10657
3180
20525
2428
8831
9085
10525
19346
4174
19266
17367
10793
15747
3146
25603
9850
17648
6161
2018
0
1503
1497
1503
0
23048
2705
0
12699
2147
8359
12914
0
7854
5065
5652
19839
0
10651
7543
7858
23486
0
1101
10929
6527
18607
0
13604
0
7079
23855
2031
7784
8482
10470
7621
4561
4054
0
0
18179
8448
1378
1609
3896
0
1043
1092
1086
1111
1051
1090
4102
1304
2438
4619
8503
2302
2340
2308
2339
2353
11203
0
6866
11204
18444
0
0
4599
16850
0
0
4273
1397
12456
0
13714
15102
0
19767
3392
3367
3417
9115
9941
0
3373
4879
0
10171
1251
2068
2078
2040
6847
11870
4933
10071
13584
12881
0
2125
2117
2140
2133
2465
2478
2212
6294
13671
0
13716
0
21071
7440
18037
1698
7854
1197
3572
10047
2479
1777
26068
3960
1954
0
3208
3107
2124
2107
2108
10603
0
10338
12231
11058
11307
7332
4208
1971
2121
2533
8140
13541
2305
8489
26240
16453
5290
7730
6692
7477
12449
5706
3331
8437
8206
13071
17706
5782
2460
15994
3768
2598
13329
0
9715
1437
1468
8717
0
24276
3482
4984
4990
1225
3263
2507
2545
0
16937
2950
7902
5278
6246
5637
4126
10364
2515
24140
9821
22124
5230
14313
8700
6675
2861
0
0
0
3218
1233
1509
4479
1799
15398
0
1268
9622
5290
2336
19773
15038
0
5588
11630
9535
2797
19540
9736
6479
1299
0
2036
0
3961
5899
24247
10691
0
14761
3750
1691
6967
1423
0
0
10137
6703
4255
0
7694
8691
4913
4609
5305
0
3973
1865
8144
10087
3959
3958
4042
3972
3509
2674
17884
5911
3942
4576
6825
10597
1142
1796
0
7796
3951
4019
13240
9506
12073
0
3007
14104
13180
1928
8308
7474
4917
13502
4202
9982
0
14958
2873
17748
12457
17771
0
17503
10090
5060
8129
12039
0
13573
4936
8700
2552
4448
1436
1400
1348
1323
16983
12206
13880
7308
2416
0
1768
7637
10002
0
12440
8499
13583
9462
6952
7805
8347
2400
0
4156
2459
3465
3335
13512
18143
23804
7921
10320
4990
15549
25242
6852
1736
0
2759
8105
4454
7653
13268
1430
1416
9217
4610
3430
2725
22849
1269
9979
5609
4629
0
10294
21043
0
17840
16990
17186
10635
4864
1604
4503
0
1233
2301
0
2311
2304
2331
15109
4252
2748
18912
10192
1417
3015
2960
2861
13566
1230
19154
18132
17335
18366
8056
4473
6736
4782
20460
2303
2322
10486
11818
3151
0
0
10523
5856
3593
8376
9550
7458
6371
3002
9775
12763
1403
0
0
13007
2442
5745
9446
0
0
8016
11611
0
11001
0
5099
14295
13078
12634
10282
0
4415
8928
17791
24456
8612
0
3677
5497
3773
25490
11795
19108
17659
2572
2981
17740
0
7079
1310
5594
12826
0
3319
11733
0
24832
14625
26347
1371
18189
0
3997
5129
20217
11971
9990
5797
8423
8609
1945
9750
13827
10919
5848
4291
4279
3855
21676
2972
6939
10202
12965
5759
7698
19771
4882
11504
14255
3484
6263
5210
11691
7338
14700
2075
2068
2037
2089
2090
5168
3932
0
8430
15534
3481
6304
0
8213
1843
23183
24323
2602
5865
0
1781
1756
1770
1237
3342
9638
11349
1524
16437
10737
3585
10152
14466
17357
0
7540
0
0
2421
6514
7394
7629
7811
19106
0
0
3645
2209
1709
4264
7925
0
13831
0
1672
21323
8501
6186
7679
1285
11636
18647
13113
14737
2151
0
2173
0
10781
15289
12373
0
13274
21724
2420
0
18953
17661
12441
20498
2197
2189
6755
6741
0
6331
17981
3943
7696
7992
8123
8331
10236
3911
4456
0
4039
20959
10415
0
8599
22112
4500
14341
5931
13041
1396
1346
1367
1342
19651
2038
4120
7371
5285
5780
0
2960
5255
0
2427
14215
0
4095
6007
10652
5520
14090
3826
0
0
2684
15415
18379
17261
18542
13923
0
18540
2444
2632
23474
0
0
7156
18274
0
3195
4880
4185
0
14911
1516
19266
1630
17128
3617
6516
34006
6285
5547
3576
15007
6859
9216
0
0
0
19731
2693
2309
0
0
4849
14988
15390
8758
4576
14827
3158
10370
21285
4441
0
0
0
0
20719
13317
4008
3472
13438
6658
7247
2327
14153
8536
7651
9091
8474
3197
7383
10837
10214
6572
1363
26208
14257
4919
4972
6527
5579
5021
13862
19415
0
4707
0
4664
10067
0
8403
5326
14576
2811
2838
10959
0
5898
14174
1894
6654
2796
0
6938
6179
1351
9338
6546
3912
11344
12564
2350
14261
11816
10574
7918
9089
2181
12113
8656
7162
11692
5283
6880
6806
6267
1903
0
3880
1656
7781
4430
8902
0
9545
0
13379
4183
5128
5151
3756
9452
1289
9056
0
0
14411
6108
5433
7285
11547
11106
16609
2007
6295
0
1938
5521
2673
6332
5986
20621
13001
0
0
0
0
11133
2858
6730
9295
3818
18656
11713
0
5725
0
12640
15223
13944
14083
1535
1531
6013
1050
2882
11143
6575
0
16402
0
3243
25524
20717
4798
0
6066
0
17236
5084
1440
20413
5560
8435
5567
3457
2583
8938
5932
25306
2284
5156
21615
0
2426
2480
2449
2488
7009
1986
26975
5367
6847
11806
4929
1197
1185
1182
1192
1187
1198
1170
1192
11121
2251
2281
1738
0
2755
2662
12446
13734
0
0
16171
2612
8618
0
0
10650
6368
17893
1161
2215
2255
2229
2204
2228
17705
15242
19780
3340
3287
0
8278
5740
33625
17500
3955
2835
19621
7684
16851
2233
0
20544
16723
18134
0
8355
8256
13556
16171
9406
3624
6112
12110
5928
10150
8553
22139
1480
7977
0
0
0
12048
0
4093
0
22233
6667
18262
0
32411
8307
4176
3382
15171
19969
25428
8609
0
0
5341
19964
1965
3560
4163
6167
0
0
0
0
0
0
0
0
0
1315
19455
2899
22969
19725
13262
1222
1201
1187
1204
0
2908
5414
13721
9345
0
15659
10169
2136
7216
10273
8801
3774
9594
1967
6715
0
6073
10381
4858
12516
3348
3073
11209
0
0
2259
2280
2291
2302
13279
10758
13766
8404
4282
12078
9987
1645
1212
15051
0
9750
10666
13605
10994
0
15276
7232
9570
11494
0
9804
0
0
7877
0
6131
7124
2429
13515
5873
7601
17064
0
3115
0
9597
2613
21073
4698
17889
14112
14406
7553
9999
23841
9241
0
9048
10720
20763
4515
3281
18723
8134
19329
8837
30056
0
11825
12870
2717
16672
0
0
1605
0
3567
8906
17639
3580
3313
3713
3836
6033
3578
5199
6815
13413
0
6700
23520
24390
0
8657
0
0
5180
5408
20356
0
0
2358
3954
10166
0
2485
0
1389
4904
4391
4393
6497
3105
16657
0
13003
2248
3903
0
15860
2618
0
6388
21539
7810
7759
18545
2212
0
4437
17394
10136
30449
0
0
1502
26868
0
13223
7841
18399
4349
0
17624
10166
7002
15889
25716
2970
28782
0
3596
15690
0
6241
0
4622
1990
9652
4238
8246
0
9894
14999
25829
0
0
0
12327
2275
2005
17244
17052
17353
0
19531
8215
0
2621
5007
8151
6969
1100
1338
7600
9216
0
15188
26536
3893
10597
0
23468
5199
0
2963
7986
6057
3354
10016
15119
15346
10420
1379
3022
0
16567
9932
12600
1720
19835
11032
4699
0
18960
15069
3277
15363
15247
17907
4940
2682
2669
10049
2003
5766
5142
0
3577
13808
0
18122
16516
20535
5693
17807
10901
3026
3230
3440
8491
3852
6911
21611
0
21974
7682
3073
10258
5771
13708
8990
0
19652
15165
10892
5840
0
5515
11049
8371
1667
14736
11026
20027
7346
0
14236
2035
11105
8631
1183
18381
14895
22304
9726
8244
6212
0
2502
2539
1932
21258
0
9761
0
13266
6785
9082
3130
9428
2952
12298
5538
2314
2785
17677
10636
12845
5182
0
4713
1079
6766
4510
1925
1890
1881
1862
9339
1284
11485
19114
30265
17640
0
17126
17101
2494
17166
7050
1503
0
0
10683
0
0
0
13921
5637
9143
13293
0
15105
0
5030
7604
0
2632
4145
12667
8873
3801
8694
11375
5105
0
4384
23808
20200
4816
17113
7327
8977
16469
1786
1061
0
29257
3100
13597
8368
2366
11099
10008
16167
21683
3124
5233
13428
14652
9823
9524
12480
0
0
2570
2577
2395
18982
25738
17446
19673
8600
3992
13404
11857
10271
6122
0
6758
7250
20490
7334
7371
16379
0
1424
8120
5661
0
0
22444
2800
24520
8811
10655
5503
7317
9911
9919
2182
0
0
10601
17514
6528
5008
0
6079
2252
11941
13521
19339
15138
22562
5281
4380
19517
6427
7829
4006
3216
11982
9957
8027
6373
14629
9044
15931
8565
0
19034
5123
0
19257
11442
1765
6741
8583
9046
1790
0
24629
5889
2829
10583
17541
6282
3406
0
16182
7839
0
9850
0
1020
18443
5960
5714
21346
10179
17565
21880
11498
19864
14002
12935
10221
18558
0
19405
5323
0
12898
0
9262
0
4417
5685
5056
10528
21393
6644
2490
8310
21382
0
0
17096
19855
4361
19799
23595
18248
17679
2314
2779
17518
8073
1938
11687
0
2977
13882
0
5670
15101
3999
19118
4858
10711
1564
17832
14515
4264
18910
11621
5841
1646
1371
11678
28304
2439
5532
1778
1414
1499
1468
1355
1463
1072
0
10351
11461
0
9879
18096
17433
4265
28343
7557
15487
1436
24265
17887
4161
8147
25924
15894
13420
1944
0
17292
6707
0
0
3155
0
10146
25712
0
0
2408
12993
3847
15214
5216
21075
6053
11290
0
3065
1129
20802
3093
11987
8131
0
2024
3546
1897
1659
18633
15839
11751
1654
9233
17071
3040
6708
0
16939
11764
16277
0
0
0
0
4750
4616
3046
8167
4040
0
0
0
2960
0
0
6552
4149
5865
7155
20696
14794
2630
6767
3902
4028
12262
0
14409
8810
6110
5932
10834
9452
10068
0
0
2878
6357
12785
10578
4524
5086
4155
1187
1160
1160
1131
1121
1099
1126
4425
3442
0
1017
9370
21698
9741
0
2066
14299
0
9560
1192
2442
0
2952
2994
1452
1494
1452
9030
2533
5048
4063
5973
21854
19045
4202
5678
5698
2037
10131
16883
21255
9371
10007
24757
0
5998
5990
3677
10260
1158
0
12123
0
2125
2094
1998
2125
1964
18127
22266
9198
13057
19184
10980
5722
5698
13821
9995
1384
1769
1067
16759
5290
1469
1461
1402
11232
7654
6323
14095
2273
1766
16514
15309
0
10599
13634
1556
6731
11409
7585
11017
2528
8047
2405
7187
13842
2911
7346
7275
20395
7108
2587
0
2352
25375
7506
18424
1548
1546
1551
7039
1150
1138
0
0
10852
16915
2343
11497
22624
2111
6389
2156
13375
13999
5283
0
8564
20267
16159
10257
11868
11430
4509
1288
0
0
20666
3950
15007
1490
0
10357
4840
1684
9815
1146
1988
6533
10932
1033
0
0
0
0
20606
0
2326
9409
0
2245
22040
2290
13278
4611
20827
5779
5293
11733
12896
8486
1514
5581
11400
33143
12083
0
0
12148
10960
0
19668
27142
0
12895
8404
0
6430
5474
5481
4163
7770
0
19467
3000
2981
0
8489
0
25373
0
15552
14358
1014
11681
1570
2789
16582
0
16491
1844
6526
8202
0
18445
11460
5898
10688
8484
2775
2765
4597
3313
1719
1704
2565
2550
16472
10811
16781
9447
13182
39747
1684
18756
18779
4865
4855
4851
8459
0
23009
9084
18776
3019
19935
3582
3369
0
0
7048
8545
16179
18097
11133
15095
18012
3444
3431
11955
7805
22151
9741
0
15744
7726
10214
6184
0
2430
3606
6846
2901
33862
5848
8756
0
1713
5035
23750
22455
6348
9174
7022
9955
3581
6075
0
0
0
2547
2557
2541
7321
7341
18764
2602
0
0
19348
9829
0
21815
9559
16466
14336
14825
17528
12011
0
18466
0
12790
5152
2035
2465
3741
6600
0
0
4262
3678
16790
5799
3562
0
13860
3057
17521
13944
7348
3701
0
0
0
1867
1365
1473
18057
1998
26087
1754
4008
5071
5960
3392
3066
6958
9873
0
0
20402
11076
3283
6332
14066
10954
21929
5159
20713
2976
3100
3053
23450
24668
10765
0
7251
1460
0
6007
4109
0
8982
4499
9768
0
22837
17934
7685
18274
1595
0
13997
19437
9241
0
0
0
22900
4389
17861
8322
6387
8883
12034
21930
14683
2137
18928
8584
6307
2903
3907
3930
8913
10108
19519
9231
17674
0
4195
9483
10124
3388
25699
13834
15546
0
6876
9584
6621
30441
6243
24981
1609
14910
2051
1232
13183
0
9907
18466
3985
3632
2676
0
9447
0
20605
11851
13949
0
14995
19316
0
1822
29597
5200
0
12788
17296
6954
9826
6491
5981
6322
1943
1932
13756
13513
21351
17664
8202
4171
9935
8971
1761
1081
27917
9017
0
26998
9944
11562
1122
7093
31619
11893
4638
10972
7162
5440
18960
6271
2602
1105
13197
16642
14708
20711
2879
5465
2087
2112
2096
3251
19515
9337
1182
1105
17941
2708
10187
6255
0
4551
0
5502
17860
7748
4907
3169
21982
2762
15787
13847
4529
1223
1189
1163
1200
1192
1200
1164
1176
7396
1272
24061
13424
8690
8285
17193
0
0
3742
2487
6234
2955
1222
3357
1568
0
0
0
0
13233
0
5586
21911
8085
3869
1487
3296
3395
3332
18158
20204
18059
0
5512
20762
5971
0
1020
1079
0
1032
1915
0
8754
12376
12844
12261
3033
9554
1219
10097
5094
6490
19917
0
0
3806
7422
0
15740
4770
8457
8673
11448
9559
13760
16253
16394
0
5000
11924
2375
10194
0
13256
0
0
1943
19171
20553
16009
6563
1955
17429
8487
20149
4482
11097
1422
2330
15906
3449
9782
3414
1784
1507
9221
1095
17667
1394
4993
0
0
8055
9173
4985
3556
3996
8950
8955
10243
0
0
13381
4021
16156
15753
4945
1473
0
2099
0
21072
15445
5753
1963
1998
14203
7118
1121
0
8780
3364
16993
17443
1452
4974
0
3059
3106
0
10285
23013
5105
0
0
11711
12667
11252
22942
1241
0
7337
16424
3970
8397
17492
0
7338
0
4477
4494
26585
2738
12517
20761
0
0
3979
12718
20275
8405
16244
8598
9448
2450
2427
12175
2465
2375
2441
10517
6882
2201
8375
2439
2597
6006
4062
9518
12740
10051
9669
8206
12402
18432
3775
20585
2291
19704
3295
10737
12241
8847
17431
6111
14915
19886
9409
3321
0
4905
0
0
1694
4877
9661
11610
5836
4863
4826
4798
4878
4819
0
12021
19633
8669
8629
14629
0
12401
1913
1682
7907
3406
14178
3622
10549
4680
15480
18207
2437
8416
1230
10776
16676
5372
8506
3190
15460
0
8585
3280
2870
0
8328
1226
0
3440
2925
0
7417
1306
23872
0
17814
25115
1835
2329
0
0
22066
0
7066
24962
13634
2907
5680
10345
1945
2022
6148
3877
6309
7771
0
2400
19382
10729
9831
17076
9154
1842
6558
2160
13425
8833
0
17660
9903
10933
16959
19701
11244
7700
32335
8398
1104
1110
1073
3599
16234
4376
11316
18941
2218
6415
1591
4698
2868
18961
11388
7556
3501
0
3515
3530
7470
5829
4847
6686
12003
19608
0
11259
0
4029
2193
4450
14205
7125
3339
5664
7954
0
1969
9784
13438
3283
0
1303
15355
14864
1013
1022
10557
3929
2709
3323
11874
6243
14597
9434
0
0
4274
8541
6255
16057
5337
12864
0
19261
14324
4041
9893
18384
13081
17178
3499
6372
11000
1388
1528
0
3785
8577
16143
6679
10380
2600
16145
4681
19464
16815
0
4601
1083
1256
4355
0
7320
0
7602
0
20545
0
1615
14438
0
10972
7540
20318
4292
3598
7372
6941
4787
5508
1367
1336
1291
1376
14709
17009
17105
0
4162
18256
4985
8985
1845
3220
14012
3026
16552
2619
26385
8950
0
0
2335
11715
24743
0
0
1827
10504
4881
15450
6679
4611
6919
0
24217
5035
5215
2919
6762
1178
1127
15839
10448
2439
19237
7420
0
9166
2523
3957
0
2151
2901
0
0
3614
1211
17953
3906
1672
0
0
0
6911
0
10546
6440
15182
7840
0
0
16101
5611
1051
8236
10730
3230
9486
12076
6704
0
0
0
0
13659
3453
5431
15134
2853
0
19050
11463
18769
18171
3817
9654
0
6409
10926
6967
2439
2438
12254
16560
5106
4105
8583
7888
11908
1699
4999
1305
1020
1081
1101
17916
0
12577
16779
9073
9892
4513
0
2951
3305
0
13685
0
12908
4863
8390
6201
3882
4479
7219
0
1677
1713
1707
8404
2067
1491
1865
2042
4089
3204
8427
8293
0
2065
2288
32692
1075
0
16357
0
0
0
0
5373
23025
7868
4503
6249
17110
0
2350
2051
6155
0
0
4225
3376
3755
1613
22618
20934
9177
1855
5805
1647
10719
9542
0
0
3135
4988
13224
2822
15388
12303
4448
0
2090
2373
0
0
0
2455
0
15848
3749
12039
0
1633
1631
1539
11119
4915
6013
2819
4636
21150
0
19629
22350
15577
0
5414
0
0
11697
11017
3206
3166
1070
0
7037
9972
13261
1003
1469
1445
20043
5432
0
8249
3491
0
6150
0
17916
18679
19218
2230
19505
14810
3970
22529
1171
0
3580
21614
4031
5476
8905
0
18332
20363
10598
23207
2946
0
7439
27187
14694
12849
19710
9715
8399
13794
1455
9764
0
29149
1805
3562
17965
0
8791
3641
14075
1844
0
2704
1548
2430
2594
0
0
11866
9973
0
9518
1349
1323
3616
5438
4738
1397
1613
1624
1606
3471
4533
2729
8957
4103
13247
9202
2245
3846
15205
18628
0
22420
7142
8299
7131
0
0
2325
1694
3122
11490
1942
4309
17189
21629
2493
2486
2498
4881
6212
2080
4945
10597
6756
3431
11566
4130
5677
0
0
24237
8905
10415
9683
6261
5236
6362
4907
6145
20264
17296
2709
22955
1665
2433
0
0
0
4662
0
7932
14990
8592
15851
2217
8386
0
14344
0
7274
0
1413
1431
1203
13165
6494
2915
6867
3473
0
6671
4890
4001
10911
1335
5843
17868
0
20065
18899
4294
5209
18101
0
11977
3219
4537
14326
2738
9420
9047
0
21537
10249
11574
14270
5026
19137
15399
4694
12560
8166
6821
9478
20451
0
30132
10310
4081
4155
6101
0
11452
1062
12128
5336
17285
0
18985
0
18337
0
15292
5995
3640
5677
3435
8306
19635
9493
2051
28093
13043
2426
2471
0
0
7356
17235
20502
18328
0
1490
7009
0
2680
2854
4632
5958
5324
1709
8097
0
0
1239
1192
1321
1887
9555
7864
1867
4062
9249
5744
7277
6204
4269
4495
11574
19298
5637
4097
16500
0
0
5503
5727
2593
4871
4857
7410
23907
9522
8211
0
1145
7536
6398
20048
12944
7546
13373
6751
0
3873
5379
15095
8052
15179
18124
7651
4357
0
14530
9825
15840
17286
1362
1253
0
0
6607
14778
8060
9306
1958
10765
7015
5475
9244
7468
23010
3444
9532
14156
3798
14612
0
0
10144
7532
3515
1328
1232
14713
11940
2309
2478
1683
2772
4866
4665
0
3534
11102
5370
1325
15974
13187
15994
1828
0
14435
2978
0
13827
2055
15512
4238
15450
8011
10076
3692
0
18674
12363
5318
14701
1805
1874
1844
7296
0
4884
2144
1221
7661
4038
2249
2130
2092
2069
5460
1832
6267
0
6380
15987
0
0
5393
15950
3890
18678
5942
8102
0
0
31614
5439
1596
17438
6815
2409
17194
13265
18662
7397
14891
9160
3034
19216
0
13000
8926
0
1617
10265
19960
11295
1440
8975
6013
6012
10415
13195
9806
0
2947
2223
2142
0
0
8901
3306
13359
15356
0
4715
2042
2459
15258
4949
1482
8954
7293
1601
4453
12813
4546
2257
0
5747
7313
20366
1793
1940
19421
13181
2427
5701
4288
15684
0
0
16641
9117
20981
13684
5665
1105
13538
11563
19327
13181
13764
6959
21720
0
19101
5418
18643
3972
1252
12980
22160
1567
26559
0
2541
17960
7771
11045
2100
2315
3889
8284
16968
25920
1409
4834
0
4495
7479
0
6041
10803
1251
8161
12303
0
7544
0
8957
9423
15381
0
7907
4775
2232
2272
2235
2253
2782
0
5300
0
14540
15660
3806
11404
6464
2070
0
1185
1233
5882
23875
8124
6917
12311
14246
0
5818
2647
4065
4168
4346
7753
3241
3261
3244
