5933
12155
13123
5290
12972
9608
19758
13954
2508
2230
13425
3201
12686
5872
7243
20616
3264
10775
2877
6072
4205
4939
14850
18158
18898
4077
3873
11013
1575
7223
7071
13435
10510
8715
1715
6342
18675
1138
1217
1279
9090
1454
5995
2182
10103
15096
12448
8129
18893
4469
9119
10735
1252
10808
17773
6816
19884
1149
12179
3373
2769
2813
15709
9898
7985
3365
10437
9903
4367
18728
8163
14643
19078
12840
8624
1787
3363
15017
1169
1912
2766
14594
16663
6270
3972
4872
1343
22362
5347
21084
7386
13900
12347
6959
11389
11419
8809
1850
4012
3415
18553
18166
18834
1945
3655
3673
4920
3128
19071
1666
13539
5991
12753
20680
10735
3563
7467
9178
5839
8051
3357
11135
6383
9481
20159
7191
9215
10296
4050
8568
14036
9005
5933
4335
5431
7238
8509
1825
5464
14234
16025
1647
26825
12516
14787
2303
1656
20287
2467
2559
3276
10698
2483
3805
3777
8426
7918
16103
3053
22663
3851
17960
1055
4308
21869
18611
18465
1740
7736
5067
4676
6175
3187
1039
4853
4865
4418
11332
1271
1546
7549
8859
15502
2730
8610
6511
7462
11643
3701
1348
3770
12411
12630
3695
3088
8748
21759
10571
4097
2611
11992
6029
3174
4758
16482
23220
2135
13697
6080
16246
2663
3332
4738
11775
5461
2127
2522
10962
4915
5272
13308
8428
39030
18532
6038
1073
20923
25781
11884
2400
24786
2556
2567
2499
6165
15528
5968
9008
14720
11223
1867
3295
2373
7171
4627
7321
13271
12249
3570
3693
4666
6128
2883
5985
14570
3664
17637
12181
16321
1023
1667
6358
1573
1834
2456
9338
17120
17228
8588
25819
15659
6634
11766
6526
8157
7726
1789
4319
5793
2687
4935
7717
9743
19375
19444
4684
15700
9386
14617
3072
6254
2261
10423
18915
4901
1845
4232
4223
6259
4328
12702
3972
1958
4472
1747
9999
3747
6499
13741
7219
2771
12165
13369
6846
3465
6935
6986
2348
1192
21782
4501
17226
18791
8669
1045
7414
3345
10659
21064
3432
24150
14452
3252
1892
2116
10963
7748
7783
1710
12101
9711
5744
7068
4960
10281
10795
12277
5375
5343
3669
4573
1870
5962
8782
6381
21697
2118
8724
3752
17874
11686
14020
1380
10417
11026
6447
1051
18124
20556
3273
20238
4555
2678
5678
2856
1860
3186
2355
2646
17932
2986
7643
2448
3112
5305
12105
1331
1564
7913
2177
14445
2003
6013
11646
10665
4473
21336
2215
12455
17864
19076
6698
2795
17897
5501
13757
17166
1509
11472
10378
11383
18787
15363
9532
6079
14608
8604
1160
6994
15318
3308
18858
1253
12186
9568
19465
8206
6429
2500
15071
3656
20057
7812
7989
9770
5013
24436
14290
4954
1864
3603
14999
6742
22034
10411
13005
14301
8854
3547
14014
4755
8244
2113
10446
9472
18026
4743
5898
18548
16694
6977
1620
14463
2462
4966
1386
9896
19676
12588
1818
12099
7397
18972
18718
2414
3281
3049
1003
3485
24361
24370
7735
21834
1018
3849
7393
1971
6722
8653
23916
7474
6521
1990
11307
9038
5264
1771
24936
10052
9303
14989
10566
15448
22609
7887
17264
3375
7808
13572
3291
3316
2658
7004
9658
5484
2484
4626
4730
5294
9579
3037
15074
6394
2896
2461
1271
2987
16023
14667
15479
10203
3266
11843
14585
1739
1582
1594
3632
8994
1896
9516
18919
6978
14064
13317
8258
6905
7144
1122
11546
5722
1904
8637
21389
10655
5976
18560
9663
3318
2112
5579
5646
1890
1975
2018
1981
20124
22903
8625
4284
17710
9309
1729
13064
10630
7090
16016
15819
8135
3378
1516
3778
2121
3444
5647
3450
5257
24919
8621
2491
1767
13988
17090
11382
1028
7665
1876
11398
8275
9014
2122
4229
19523
16164
18856
12131
4359
4465
2393
8437
17019
12997
3608
30496
3335
10678
18199
13097
16245
13152
7469
6746
1285
19161
1874
19401
9136
7952
7722
9796
7320
3187
2536
3855
1376
2931
1229
6967
8084
7076
3367
10150
12568
5277
15286
14918
8781
2816
2643
4261
15857
1476
4584
7083
14817
5643
4000
10447
18691
4372
9244
2571
11476
15809
12308
6969
15040
7811
1739
15865
9508
15347
13467
2606
22734
25469
11899
4600
1328
7771
23845
16782
18711
4543
2932
1664
34741
11046
11873
16889
4973
2690
7829
6616
19713
14026
8229
15126
27392
13285
5138
3029
1554
11273
20126
5314
17276
18326
17627
23530
17368
15486
8081
15165
19900
16894
6398
9757
8196
7645
3004
2733
12190
5726
6476
3677
17409
1673
12932
5943
3893
10570
9208
3479
5531
31894
6786
2969
11771
5219
17289
16405
4120
7954
9859
13036
2435
8031
4507
2217
16915
10273
11863
4331
14081
13210
4682
10742
3059
8248
19846
13996
14622
3543
10224
21005
3542
5660
20010
11056
4910
25529
4518
18843
11716
15840
4439
4160
2111
3600
5350
12651
1829
20655
16651
9775
17339
11659
2921
2990
6221
6314
5859
5777
7683
21543
7497
17148
14553
17174
20770
21208
19534
18908
1805
3406
1401
1420
11186
1356
4689
8685
2759
6779
13252
14920
5647
5877
10160
4129
9100
15805
3812
1130
19399
2271
21390
6535
4602
13913
2718
11237
2723
4309
4624
7271
2861
17896
9961
6050
3028
23115
7680
1384
2928
5311
16346
3445
3579
2284
9195
17583
16489
11860
4680
12716
4330
11223
4318
7859
18878
8331
4561
3002
6037
9538
9237
3034
18741
4584
1585
5587
18820
12920
5949
9322
6622
6702
5867
11528
19147
9983
11245
17512
17775
3760
3765
7171
9146
13881
10680
13725
12083
10026
5869
5818
3666
8331
5340
5413
8131
3026
1181
1215
5868
4280
14126
2252
12876
19242
10071
2642
1486
8780
9827
9292
10245
2992
17955
14243
6815
7600
18007
1049
16956
8532
3593
9354
6788
24315
2576
17596
5429
21674
7352
2686
3332
1645
4713
10341
24840
1730
1800
1770
1799
7769
9192
6267
15758
5589
6888
1515
3389
6578
14865
13941
10581
24264
11508
2432
14715
14234
13900
7923
16127
2876
10335
3610
1742
5461
5253
3270
5349
29285
7735
8129
4359
3750
12545
15901
3785
20052
13799
3076
10124
6361
10682
2387
7677
12092
3577
23773
1007
3280
9470
3303
6504
1071
7308
16066
1343
17444
8326
7906
4788
7234
2679
11830
2518
30901
6403
2638
15917
12186
5430
2789
4209
1571
16582
1239
5140
11806
18398
5545
9516
10187
9174
12257
17314
17017
1633
21796
2352
10241
11540
5325
3487
10245
1330
5161
2017
1167
4830
5140
21676
4356
2949
9744
5393
7607
14879
2989
9375
2269
6894
2416
9513
3340
2927
6723
5573
17232
5861
16897
5954
2542
1940
1312
1952
3617
11872
1216
6638
12507
5143
30442
13684
5582
10732
13224
6244
2074
17609
9101
6490
10991
3370
8688
4015
6971
16259
18633
9069
13039
1916
10821
20065
5544
12893
13462
2991
15284
16362
3593
1469
2198
3864
6676
6210
6879
1011
18269
7539
2859
3178
10498
10296
15059
1050
5778
17302
5020
9806
7244
21082
3588
7251
5359
2037
2024
20124
9163
2059
7535
12095
18629
2809
11046
15402
2995
11702
12066
25851
12888
12547
1385
8018
4214
3380
7094
21332
3138
10472
13637
5043
16759
15895
8304
6656
7249
8221
13863
22686
11672
6600
4925
18025
3125
10301
15194
6473
14490
11987
21582
1582
13623
11616
9955
1813
2870
6126
8402
13531
3832
1788
19215
18453
10517
5561
1845
13271
24638
6098
9540
3209
13088
14475
3831
26424
1933
10939
11282
1208
2845
2553
7857
2343
2217
10980
7245
16868
2941
15637
24415
2261
13054
4249
16412
1392
9494
5130
19544
5394
18809
17479
10167
12689
2441
3219
3145
1329
2154
4562
1007
5156
6832
5428
2655
3632
2039
2027
1993
2042
17081
4505
11122
2151
9338
2381
11463
8442
11547
2383
3438
5384
9899
2618
3018
14517
7884
2472
8654
9514
2727
9561
7767
2394
2371
17455
9412
23324
10239
4948
16918
9496
1902
2027
24572
4979
4838
2082
12935
3017
14542
2163
5753
12779
7822
5895
12039
4771
5536
8878
13787
5510
9841
3502
12239
2771
9494
8258
16921
9732
1948
5544
5527
19493
3254
1150
1143
1184
1088
1085
6614
4804
14422
13323
7328
8263
16809
26172
7301
13273
18122
1494
2273
7935
15836
5294
8898
5152
9866
1521
1867
6971
16142
2802
17588
16994
20918
14763
17365
9455
1649
4091
4150
4883
1424
6097
16433
11411
20796
10975
8890
11464
13331
12529
13732
15712
2577
8522
1842
7136
10314
10312
5858
8267
9956
5287
9892
3810
2635
23165
3067
2488
9425
10542
30867
21015
4305
2236
4926
4283
7477
1326
6535
2147
10008
1944
5728
12299
7799
1415
1251
12339
7926
7084
12651
9342
3177
6975
4359
25801
3320
6486
6215
15513
8597
17981
12414
6079
3496
8725
24722
5180
5024
4714
7617
9583
1373
4827
3082
3076
6329
14824
19550
2795
12496
15407
28723
1383
2072
9184
4311
12637
2517
3710
10714
2505
1080
17239
11418
2800
16681
7229
4860
5243
14378
10780
15326
2636
2549
3063
5560
13819
16455
11468
1285
1039
7305
1939
19479
13146
7713
6083
1801
2022
7366
6711
7583
5551
3421
1955
9283
6061
3143
7551
1983
3149
1781
18608
7728
10786
10260
10368
2077
18481
21051
9061
9071
9252
19978
15637
3859
13535
15260
14561
9281
3321
7520
18026
5233
13310
10090
2056
3899
6695
20720
13842
13315
7527
14838
11424
2925
2108
15861
11044
7607
6105
2717
4571
14604
11497
19896
3020
3057
13899
18227
3042
15734
5039
3395
5738
4538
6757
2843
3683
2945
5976
16621
5838
8620
5028
17326
4495
1635
5743
18934
11570
12601
13763
20457
5639
4571
3289
4544
9247
11603
4909
11834
10244
22231
17985
2452
2853
10016
2984
2293
15334
11008
4110
8886
2289
9227
5620
6263
2228
10679
9304
9221
11808
22084
8805
13888
5965
8573
6855
5919
4278
12453
9717
6754
9164
18052
18427
3225
9583
6943
1357
1347
1313
1358
13198
2277
14840
14496
18094
12917
7379
11129
14532
5173
17576
1811
2573
19846
16275
11930
8670
1957
1959
1887
2066
6377
6265
14116
10907
1375
5652
7105
1130
4181
2365
9125
6537
8127
4139
19226
8299
9987
5297
9686
6845
5640
1775
2566
9407
3251
3225
16889
15289
22218
6968
5925
2801
1622
16638
6446
2037
19336
7825
13976
9861
10530
18890
11650
6513
12159
12367
9032
15935
15037
7214
16434
10391
7041
25407
10227
1930
9693
3636
6497
2298
1821
1828
9472
9969
6062
6796
5202
11502
15756
7933
18996
5270
1874
15707
8835
3747
5195
6413
8880
2085
2658
7971
3114
4242
16154
12442
10274
4738
1814
2428
6284
11812
9474
13044
19372
9220
1673
2164
6109
4342
2056
17954
1696
7657
10132
6394
4237
1058
5098
3132
16433
17495
3526
5175
4160
11724
20463
16303
14295
21293
12170
1102
4518
2421
2921
2209
21037
19521
6628
3137
20546
8555
2635
19772
10202
8236
3017
13289
27045
6071
2667
4403
8807
16687
3211
11311
23638
14968
6778
20095
1430
12842
5070
9877
10613
1613
4695
2477
2517
2253
2600
11636
11709
7686
7728
8040
22136
11187
1444
1508
15729
2002
1369
1063
5371
10680
7359
18932
2111
9850
3086
9326
8218
8532
3825
2701
2720
8973
7925
25520
14400
4407
16631
11463
2344
1273
4564
8628
4184
22370
9968
12417
15190
6534
20103
26550
4260
9579
7506
11776
10789
4934
12127
1798
9056
15155
4138
12223
14011
5720
10016
9267
1693
8535
21135
10664
10475
3489
18255
3438
6146
10056
3999
2466
2700
14765
18971
4960
6888
14667
1585
3160
1556
13054
2767
14742
11037
9463
1373
6437
7228
2236
2230
6227
19283
11845
2415
9578
9278
8645
3501
1969
12337
18053
1429
3667
24766
7954
9250
3726
8350
7544
17283
11849
4171
9540
10593
4299
15055
3940
1371
10604
4014
8805
2403
7144
8879
12976
17113
3863
13314
2400
4333
4953
12682
13174
19258
15717
1783
14497
11378
13570
2595
7298
15977
2151
16703
1289
2644
3283
3602
1437
4185
12639
20928
10311
12024
6798
20513
16867
1291
2464
11386
4248
1687
4043
10849
7561
18931
3672
2273
5020
3874
18600
20530
12237
22066
22238
11674
11739
1370
2547
9639
2297
6532
13080
13459
3111
3814
5564
12725
10366
6911
14004
6455
35917
4181
3450
2892
8316
11458
2937
2425
4681
15341
7571
4772
6956
6547
1531
1997
13817
22403
17125
9437
9903
14244
10604
11956
5922
12778
10636
2827
7692
18609
3829
7930
3971
20017
29436
14922
12819
4376
6225
18095
12329
3887
6230
3853
12645
12100
17377
8614
4921
4433
12015
12314
15199
10584
3857
10295
7603
5601
9617
15153
7601
13789
3041
5619
14985
4791
4703
6989
15969
3155
7716
9408
11190
6316
3742
1420
6829
3449
10667
15444
18637
8172
2375
6839
1663
25736
9323
8413
2473
3267
8550
2339
16662
4750
17102
13074
1780
9310
8882
3343
6251
6312
12250
19511
2559
5508
6674
21685
1928
21003
7542
6383
7817
4140
18959
16319
17110
2243
4088
8914
3721
10051
7844
25532
12758
22959
4916
19506
2850
5809
10202
10475
11939
20034
2414
7740
1779
10038
9110
18191
19009
3421
4763
20091
8373
7790
2213
25351
11621
20843
20085
3870
2842
5120
6699
14488
17592
21833
1932
3323
4782
3523
2602
14635
3554
10607
7701
9995
9779
6292
6469
16645
5428
3481
16193
2790
15534
8814
12802
26606
25893
23758
6568
3989
1894
1923
14444
17737
1835
27874
4353
1189
23151
6221
1254
10385
3750
20345
3919
7026
25341
7568
7283
11238
10684
3494
7183
21117
8765
26920
4485
7042
3550
20678
7181
15536
17419
7427
14626
2592
1694
1793
2679
5763
5173
11768
16517
1805
13009
19929
8955
15658
13710
10576
4460
13364
1318
10905
2682
12219
13503
14033
5569
8331
2669
4043
7704
7798
18342
6381
19326
5475
4519
4451
20181
4844
7438
3398
7166
20929
12501
17230
4907
11883
4001
12397
2664
17906
5119
1851
1570
16861
1516
32383
6882
10684
12174
2260
4174
3925
8636
2939
8148
3525
7869
1232
1819
3790
7998
12166
12679
13634
8215
16876
19520
9188
1592
8608
4721
14997
3555
3551
21394
13277
15122
5955
3419
3161
16749
1653
1016
1159
17165
11744
7407
6938
15018
2913
1891
4123
14001
18892
8697
13292
9936
7754
2823
9400
4500
22910
12248
8309
10531
3090
15008
3289
3233
12639
6028
3519
3217
8924
3337
20042
13180
11765
1769
14289
11500
3579
4404
7004
16721
7317
8936
8307
2522
18046
18220
3084
1676
14773
1887
1807
12631
1743
22925
2640
3273
1623
21548
6615
7172
2380
9827
1200
6733
2886
3487
7033
5829
2559
3896
3756
1273
11463
1336
11432
12407
8507
11886
1329
18745
11324
7351
4957
7407
13170
2452
19050
6411
5231
6169
1048
6364
12886
19384
6271
18298
8006
3664
5799
16222
4788
7211
5368
11695
12480
1485
6569
8351
11789
5105
14269
7681
4591
6276
6148
19502
5469
6695
1923
1360
9936
11880
7332
7209
17503
25071
4434
3962
12360
10354
3687
10595
7726
5894
5538
2131
19196
1968
1360
15601
13717
6166
9428
4839
9156
12494
1062
19269
13905
2591
2105
2141
13402
10614
11270
5404
18531
1905
14507
14094
17152
10177
1196
1119
9250
13010
6107
9095
6662
6343
8245
1779
10086
11829
9304
5035
9091
15390
8023
34762
9897
5293
19807
7651
6862
2341
4846
3096
15184
6297
5469
9366
3147
15390
5435
8483
2714
8603
1608
7649
2801
16143
17566
2009
1462
1589
2094
1986
2031
13863
2456
6980
5277
3246
21103
4009
5469
5864
3407
6779
2263
1358
6762
7712
15050
1830
3483
4779
25569
4629
14532
13972
13990
2425
13978
21571
10798
2386
13172
6858
9734
8423
1053
8396
21179
18562
6569
4978
2960
5917
3549
14209
10911
2897
5740
6738
18620
12127
12941
17022
14134
6139
7569
10746
11580
1922
1996
3318
9453
10776
7143
12729
18574
19449
16958
7563
8201
6106
14912
1787
14232
21976
2204
3282
3198
19142
3793
4386
17094
2003
7114
14808
3959
2702
10452
8099
20240
2368
10889
4522
12625
15463
13211
1449
22549
2619
6177
28495
22116
1127
8077
2199
2215
5623
20832
1263
18429
7204
9398
26794
5050
3690
12959
2625
17144
17167
10808
4538
4757
18076
1042
11372
1909
1228
7215
5082
8983
5211
15745
4673
18261
2542
2340
2638
7501
1912
1474
14254
3707
7427
4368
2050
3495
2877
2624
2727
4902
4994
2218
1963
2524
1752
2835
5129
17958
2884
5920
8718
12197
5149
17251
8805
5041
19449
4035
18973
2697
17070
13001
1012
13939
25127
22720
21223
2828
4352
11889
4938
4002
7080
1204
8103
2498
8762
1754
8310
14436
15637
11170
13837
2107
8968
3346
24887
10592
1694
3381
9899
1317
8929
19928
7573
2342
17493
2025
13320
1649
6105
15625
5528
13794
15573
4406
6505
5622
4521
19465
13350
17089
14405
15382
6971
17866
1136
13688
8107
7132
12146
6243
1174
19453
21223
1107
3134
4186
2882
3626
5079
7948
5829
12083
13192
4097
1642
10986
3768
13682
7899
3154
10038
12518
9754
18099
9659
2638
3674
8084
16788
11991
2462
23924
5914
2746
2559
2567
2875
8596
20151
9751
7794
2746
13366
3816
10164
2322
10446
8632
6778
10342
16214
6136
3891
1530
19407
17069
2627
23710
1806
1799
7183
3625
14785
13363
2699
16495
12518
12701
3593
13773
1681
13795
6323
2909
16963
18575
13767
20677
10576
18362
5142
12863
4924
4732
2785
4244
17434
15488
7321
3038
6030
3490
15756
13949
8767
4073
1631
8133
20102
8129
7545
12996
2421
8417
1514
4280
15997
15204
1760
10946
3992
12796
2220
5813
8058
16703
3600
4912
25867
5003
3007
5546
14432
20808
1923
19175
16069
7813
8492
2275
1386
4750
1680
17377
15941
3422
6382
2349
6054
11026
7647
4607
2348
16029
1343
4388
18620
1857
10589
3527
8946
2337
22763
9059
3880
3982
1914
18150
1397
1441
1219
1382
5537
18994
14430
14318
20779
5357
1951
6995
2047
7157
1877
8940
9891
9084
6398
12516
2218
17504
10546
9535
5239
9131
16461
12767
2543
1425
1128
9892
2979
11789
7130
3752
5972
8337
11460
10473
8336
16282
1199
12917
18799
17030
5712
14028
2794
6766
20584
9306
8021
3917
19740
3626
2751
9906
2484
9014
9554
3047
12992
22524
16346
3361
3218
5780
15539
4407
8781
4024
8563
15981
1175
5837
5806
14991
10327
15777
5519
1749
3339
9010
12818
7486
2388
17139
2102
1412
4014
9233
2673
1129
23133
6203
2271
18199
12313
17309
3295
4718
9805
2185
13714
2450
9876
2190
13650
1727
5242
6293
11589
9013
20618
2753
15432
10947
3201
11301
7298
2673
18403
12921
13212
11764
9974
25666
17039
18805
1690
19775
10541
3145
8195
17450
2402
7995
9060
3614
11071
6578
8564
14778
7737
3583
2799
14736
6430
6516
17418
8559
5591
1162
12090
2430
7122
3957
7479
1857
4840
13442
15130
1378
17531
1197
5543
7229
12495
11130
2373
8278
9463
3958
8038
16460
10078
1614
15520
11822
7318
14859
11430
10789
5984
3707
13667
15713
2009
20972
9122
22956
2126
7540
14681
26863
7310
1502
7869
11629
12424
9000
13087
11244
19943
15657
19466
7237
9468
6162
11836
12847
1467
15241
17885
9271
2633
10477
6554
18494
1050
13926
22032
2164
6491
2021
26010
10231
3298
16973
12962
3433
5608
14054
5064
20572
14213
2496
17826
12376
19271
20946
3266
17607
1522
2874
2644
15508
12046
7692
7599
2354
1505
8717
1675
9805
21078
1648
1597
2851
6754
3017
5992
13801
7765
8525
6219
21427
15593
5506
1631
9742
5165
11637
25103
15843
2655
1653
8863
16132
1983
2158
11484
5051
13128
11944
2375
2358
9556
16682
8739
15631
13017
3386
8419
2431
4097
2174
1036
18831
8968
2651
12947
6826
8264
6835
4316
7887
4355
11614
13128
22070
4228
7358
18741
14118
8174
20210
5604
9512
6192
17787
19926
4084
14877
18869
7048
3293
8178
3888
14079
6602
5853
10965
20109
21977
16416
5660
1941
9502
20119
2637
3295
8699
16322
4994
8354
5900
4510
8433
17457
3040
8511
1976
1226
20760
8283
15035
16767
5321
3246
13795
8452
15587
3187
25390
18053
11579
11749
6746
9831
2129
5314
6925
4434
10014
15428
4201
11558
2247
5012
14100
2222
3607
14617
6273
3020
3763
18295
4903
8667
2470
13871
8608
3408
2400
7686
1042
7094
19288
2063
14847
9386
8771
7999
6215
1615
2873
1917
1880
1917
3013
7861
6173
2420
5042
1448
6438
9710
15823
14732
5245
14236
6911
1414
4771
11531
20330
6362
11365
2268
19771
12260
9956
16464
2503
12015
5985
1260
7841
15214
7756
4748
16343
4345
16553
17656
8474
5781
6077
4571
11222
8006
6938
10047
14857
11360
6707
7649
14526
2081
3229
23341
8851
16960
3905
9457
15647
13538
10926
6708
6545
5062
1561
13270
1949
1043
22217
12963
4939
1279
1291
7971
6649
5188
17760
1517
10921
6253
4994
13661
2126
1406
2509
2210
9286
36261
2203
9164
2524
7036
8700
7036
20322
31593
17086
2625
10693
14153
17088
9730
10316
8340
11421
14914
2401
1622
2273
17883
19067
20697
12816
3889
7517
8960
5133
17176
1305
11403
2819
4162
2021
15548
3589
4184
5257
8679
3707
6965
6129
18072
3218
14155
11034
17548
8984
4717
3223
13015
19321
1202
18945
4388
19654
4064
10004
2572
1398
7133
23119
10332
3918
9903
4526
5265
17013
17071
2770
11944
1547
5111
7207
2647
9091
4948
4569
7792
12519
6292
8594
1936
6232
7887
16726
9913
1927
4649
8104
3598
2051
15989
19381
5578
13440
3725
12068
27396
8129
3372
2281
1371
3567
7752
7411
6982
8939
4002
16185
16992
5413
10318
24010
10584
1088
18718
13649
9304
14792
3797
14909
3173
12837
19616
6497
13119
1810
13249
15617
7473
14482
24665
5965
7625
2438
13279
8444
13171
7388
4133
4821
9189
8943
10986
17989
8063
1344
14250
6957
19511
11552
1735
6107
16292
27738
21155
4862
8197
5601
10824
6973
4130
7671
22371
15917
1986
6354
3120
4540
11847
1308
13770
14667
7685
9290
4463
17973
2626
2109
10478
3875
6361
2993
2159
12180
7027
1571
19041
3072
2605
1347
18141
10235
15105
4398
11828
1512
7673
14170
10015
8071
6703
8358
5238
5792
1094
11087
2518
8767
15197
16530
2130
11826
3648
19093
17208
3124
5145
14976
2405
2239
6544
1871
4655
16571
2454
1345
4572
4895
22340
9771
2210
7248
7077
13331
3736
15270
6475
2103
11494
7353
11007
1092
15525
4369
2728
18177
12406
2901
11482
3192
14131
5093
13925
13108
4845
4986
10809
13354
4484
8752
4629
5844
3279
8577
16838
11134
13732
4027
15189
11194
5536
8748
2292
2311
1436
6907
7730
1843
19068
10569
7122
4132
9848
21464
5069
11130
5810
20759
3282
2116
2109
15484
1215
27934
6439
7068
1238
23799
8268
4645
8754
14382
18888
2881
4617
14030
9526
17918
2031
15434
9525
11586
18442
1820
9630
18970
2219
2193
5390
7288
10675
4698
20517
9403
2085
2100
2063
19226
10266
3170
22565
5195
8934
12385
19509
15745
4575
8863
4423
3525
3995
9730
23410
4714
8224
5798
4883
1315
19223
7470
11402
11083
14078
10576
1993
17734
5800
6286
7266
10468
9954
10065
15674
2190
18047
5179
23958
1692
9594
7867
20713
5283
2989
5817
11906
4248
7812
3088
12010
3657
15414
2536
3426
12265
2602
2164
9218
19083
6835
24743
15436
4457
3174
5318
3997
18861
14834
10703
15738
3135
24299
9798
6155
2001
23039
8299
9083
5616
19800
7415
23471
18600
2024
7740
8379
17865
8350
1085
1074
3513
1297
4579
8341
2299
2335
11201
5258
11184
18436
16848
4092
13257
19759
9873
3752
1076
6692
11855
9586
12600
2093
2148
6285
21064
4655
1764
25983
2785
1228
2120
10600
12229
11027
5167
4204
1965
2520
8126
2303
8385
26183
5220
7426
12337
6192
13051
5679
15988
3752
2563
8665
24271
3467
4622
1215
16802
2791
6245
5636
10235
2498
19689
9621
22111
5220
14307
6667
2848
15220
1255
5278
2328
15003
5534
2792
19537
9499
24125
7202
11492
1645
6923
1411
10066
6624
4150
5297
3931
8044
3097
17724
4563
6759
10498
1135
6945
3916
5046
2915
12264
13055
7686
3907
4841
13468
4197
9976
16264
17736
17498
5010
13569
2387
4331
1426
1253
1230
16771
12149
13876
7048
7625
8534
6767
13499
9421
6941
3359
3218
13287
17182
6349
15483
25170
6533
1732
2690
7485
3711
7649
12058
9206
2576
2218
9852
20951
17814
17055
4255
3664
1232
14975
1446
2741
18479
10183
1411
2722
2850
13565
18109
17821
4423
6719
4772
20279
10366
3585
8345
8472
7456
6130
2965
1400
12997
8005
11602
11000
5084
12861
10144
8877
3650
4199
3744
25001
2567
2962
1306
5449
12594
11693
14556
26290
18044
5071
20216
9037
5783
8600
1933
13810
5267
4262
21673
2871
6381
10074
4474
7697
4840
14243
6255
7301
2057
2027
8370
3428
6239
1841
23147
24318
5742
1751
1223
11327
10064
17351
3875
7589
7799
19099
3635
7917
1535
21154
6240
7670
1126
12517
13429
2104
2136
10776
15104
10604
21700
18948
2180
6621
6692
6325
17830
2257
3944
7981
8054
3856
4411
4004
20605
10402
8257
22027
4069
14337
5713
12985
1337
1352
1321
19639
5153
5776
2954
2426
14077
3567
10579
5454
3020
2681
15409
18249
17210
13769
18468
2324
2204
23466
7144
18218
3191
4878
14909
1508
16911
6504
33999
2244
3568
15004
7290
18413
2650
2288
14859
8447
4296
18134
3452
13354
6641
7234
2324
2690
8467
7292
1356
26135
14243
4911
4886
4027
5540
5017
19401
4704
9937
5214
2802
14154
6642
6064
12275
2338
14257
11787
10410
4853
9026
2081
11889
7155
11690
6753
5608
1816
1516
4429
7493
13197
4069
5142
3661
7656
9051
14264
3331
5235
11327
10965
16604
1966
6278
4751
6179
5911
20052
12997
11117
9187
3528
18577
8745
12504
13890
14059
10892
15291
3203
25520
20703
4709
4281
20302
7963
5469
1684
2573
5025
5134
23943
5104
2398
2444
7001
1975
5360
6788
11751
4544
1175
1186
1175
1656
2401
11415
13729
16163
1504
8129
6485
2129
17702
15238
19774
3257
6648
5729
33567
3940
2828
19577
7681
16849
2220
19577
15698
7755
13448
14941
3400
6096
12108
10140
8542
22132
12047
4088
22216
18258
32363
8218
2688
10903
8608
3867
6117
19454
2893
22961
1190
5399
13631
15588
10154
1903
10221
3763
6629
12489
3069
10843
10526
8268
6385
10665
13595
10758
15221
9565
11399
8132
2810
7118
2283
12784
7518
2548
8720
2601
21067
17881
14002
14318
9991
9236
9042
10718
20712
19312
30045
2488
10395
1592
2500
3301
1073
5979
3521
4944
6812
13341
24293
8647
5093
19556
2737
10105
2483
1033
4379
6485
16419
12690
3844
7681
4426
17246
10069
1495
26862
4341
17608
9742
6964
15530
2966
28781
2650
14322
25759
2241
1684
17182
16888
19529
8200
2593
1050
7596
15136
2610
7913
15104
15190
10412
1364
9931
12545
1668
2985
3276
14922
15245
17898
4937
7534
1996
5722
5117
3566
17799
14769
17637
10721
3024
8480
2957
6863
20490
3093
5759
13541
19605
14199
4059
11020
9488
19000
7276
14190
2030
11101
18273
14802
22301
8029
6075
2499
2315
9691
6760
3116
2942
12257
5535
2308
12838
3573
4640
4505
1845
9270
19110
30229
17415
17100
2458
17164
6837
1501
13649
5595
8969
13256
14531
2617
4120
8615
4877
23675
1785
29248
3086
13422
7421
10972
9995
20855
5219
14642
9811
9451
12468
1721
18860
25728
17308
19406
8562
3389
13349
6083
3684
7075
20481
7286
16376
1412
5491
5638
8808
5491
9901
1178
17507
4228
6066
2240
11931
13096
19329
15108
5186
2995
18576
6398
3978
8012
12845
9042
8563
18961
1750
6728
24569
5852
2826
6090
3395
16177
7834
9848
1014
5472
5685
17553
21760
18115
13802
18548
18936
5048
12891
9141
4383
5672
4958
6643
21069
16789
19471
4018
23516
17674
17438
2389
19103
4841
17810
14496
11599
5783
1640
1309
11619
28289
2348
1233
1483
9889
11449
9875
18009
17421
28307
7532
15481
1423
17879
25923
13347
1889
17260
3149
10129
8689
3463
14848
5209
20757
5936
3020
11868
8112
2014
1580
15772
2750
6597
11608
16182
4600
2562
8160
2951
6544
4146
5863
20683
14784
3898
4027
12247
14345
7305
6097
5883
9355
10067
12770
10517
4516
5053
4111
1179
1139
1091
1109
4315
1005
9323
21683
9730
2052
9558
2432
2993
1468
9025
2385
5015
5959
18851
4200
5670
5683
10085
16800
17644
9291
10004
24714
5997
5756
3418
10173
1147
12109
2041
1986
18063
22254
9185
12738
18303
13749
1374
1734
1053
16713
5050
11218
1148
12939
10592
13534
11236
7569
9823
8042
2394
13606
2902
7327
16849
2577
2306
25263
18409
1542
6990
1133
10743
2285
11354
2127
13321
13992
4419
8484
19933
16138
10245
11867
11420
1009
14999
10343
1681
9755
1068
1895
6286
10927
1020
2157
22031
2238
13275
4490
20820
1397
10543
12893
8477
11394
12100
10912
19648
12533
8390
6419
5467
4124
19311
2974
8487
25342
15409
14356
1569
2744
16477
1755
8167
17690
5828
2754
2563
2540
15794
39475
1634
18761
4861
4853
4840
6927
5130
18730
19934
8417
18088
11015
15081
17928
3433
11874
7791
9677
15737
7604
10185
6806
2886
33854
8748
2664
22881
18713
6339
7003
9948
3459
1772
6189
9824
16353
14236
14750
12003
18408
9259
5122
2354
3726
2824
16664
5568
3536
13792
2983
16352
13845
3608
1864
1303
1996
3993
5010
5701
3284
1314
9851
20398
11033
2701
12689
10893
21925
2971
23449
24612
10636
7241
5821
4448
22746
17770
7647
18208
13989
22868
4327
17846
8307
6328
8866
21680
14631
4341
2902
3896
3929
10104
9172
17378
4075
9478
9502
25351
13268
15436
9526
30439
6235
24963
1600
1747
13129
3983
3622
2568
11840
12123
14836
19233
1814
5191
11551
15902
9784
6336
6314
1923
21308
2312
6582
7842
27817
9000
26967
30520
4526
10967
6243
18945
2178
16588
20700
19455
9202
1180
21976
2657
14267
3715
1050
7360
13367
8132
17116
3728
6232
13227
3328
20050
8068
3811
3294
18144
18034
2207
20707
5719
1021
1887
12199
12596
12256
3028
9547
10035
6216
15737
8431
11297
13097
15674
1872
10249
2343
13246
18793
20518
6391
1870
7508
4471
1361
2307
9084
2794
1770
1501
9147
1082
17664
3720
3549
3888
8947
8931
4006
16148
4904
1463
15431
7104
1007
7868
3356
17345
4958
3098
22886
11617
22806
7320
16420
3932
8284
17368
7336
4423
2620
12477
20680
12710
8366
16158
8253
12172
2401
2360
2428
8348
8374
4187
9507
8052
9650
8146
16218
19697
3271
10695
7906
14879
3265
4902
1689
9602
11563
5204
4824
4789
12014
17745
3825
8620
14620
7781
3374
14169
10478
13558
2425
8415
9889
7757
2095
15405
7874
3279
8271
2856
7404
1146
23868
24046
1662
2288
20161
6994
24948
13568
2905
4488
1893
6301
7678
2355
10600
9820
2043
13380
8590
17608
9798
10921
16026
19263
8388
1109
1072
3593
16210
3953
18883
2207
3230
4287
2861
18955
7547
3516
7421
5819
4768
6458
11992
18992
11256
3885
14116
7087
2921
5662
9777
12875
3277
15354
10550
3918
2490
3317
11842
9424
4262
4316
3943
12851
18657
3951
13073
17174
6342
1527
3607
6432
6602
12397
4611
19369
4589
2242
4618
5464
1273
14427
10594
19690
4203
2957
6859
6933
4728
5212
1369
17001
16283
18242
4918
13958
2724
16546
26376
8860
11700
24733
1646
8920
4878
15194
6478
6859
24124
5204
1877
15825
10350
2427
19229
2850
3466
3261
1663
6896
10443
15159
6959
16099
5264
1040
3212
11573
6702
4865
15040
2850
18762
10402
17720
3173
8960
10911
6939
2427
12242
16473
4936
1904
8571
7877
1036
1098
17913
6853
9879
4460
3243
10623
8383
6121
4458
6981
1661
8380
1486
1754
2038
8377
2281
32107
16156
7844
5292
2311
1438
6117
3286
3378
20911
6379
5801
1639
8440
3132
4935
15375
11096
4433
1584
15796
12031
1580
1498
10999
4507
2779
4620
20378
19386
15528
11564
6199
19977
7549
3489
6098
17903
1485
17665
14804
22506
1163
21610
5271
8888
18211
10321
2938
27151
14625
12844
7595
3615
13715
1441
6843
1437
3551
17955
8787
1829
2619
1517
1859
7717
9443
1337
1317
4644
1474
3380
2964
2702
8809
4099
13164
9189
3831
14440
15907
7040
11478
4183
16929
21467
2420
2485
4832
6116
2071
10578
3384
11520
2857
4680
24229
10371
9618
5485
5190
6357
4332
6140
17263
2582
22878
1378
2395
3797
7920
14792
15804
2147
8326
7155
1388
13163
6461
1695
3253
4031
5598
17865
18304
4284
5108
18093
11951
14317
2689
21526
11571
5023
19069
15322
4627
12553
6817
8411
26219
10307
4143
6007
11950
17269
12109
5600
3523
3427
1793
28089
2106
20490
1431
6655
4630
5211
8064
1239
9310
7717
2866
9179
5717
4806
6198
4011
4456
11527
5626
4094
5502
2558
4863
7393
9137
1142
7529
6274
19892
12936
7378
12793
6736
3860
5375
12828
7852
7591
9323
17106
14777
7966
6661
1922
10762
6957
5468
8717
3433
14126
14608
10133
7520
2707
1149
14661
11937
2252
2420
1491
4854
4633
15360
13155
8141
1818
14429
13815
2042
15448
2138
7800
8509
18656
5267
13972
1831
7256
4882
7646
4036
2216
2048
2060
5446
15913
5390
15941
5941
7899
17673
5154
1583
6806
13257
18627
7395
9149
2969
19203
12989
8911
10136
19357
11065
5888
6011
8146
12784
2129
1532
8864
3189
13322
3262
1994
2065
15210
8948
1706
12728
4430
5634
7233
20086
1790
19407
2414
4214
20906
13486
5623
9638
11561
19187
13142
13006
6925
21269
18637
12932
22100
26551
2532
16985
2098
1974
3874
8281
16965
25888
1607
6028
9727
1250
12298
7538
6471
9400
7889
1377
3136
11395
2055
5850
14374
8115
14078
2882
3232
3233
